591084
85317
494538
948911
823668
321078
985552
999075
316296
402510
363076
558380
768284
880368
668048
596164
869070
182447
21138
879655
80129
214929
700190
289363
459170
365895
847657
243271
490428
595332
116083
597864
680649
610622
63127
20669
448052
565032
19745
764348
483894
899173
839080
252178
779541
507128
848342
648611
689576
385833
44618
769705
600762
261160
575420
576284
627055
939430
819556
633835
534762
935639
748052
731764
62613
811179
752433
27018
376211
772178
791366
376458
187703
630447
628636
967244
137575
993331
615855
343503
379164
176825
629561
496278
437985
721333
72563
581393
660763
408471
731580
195526
344110
479632
443642
923076
290812
196075
950094
183375
484606
