425544
97346
215581
785044
504204
613841
706160
933862
548819
596571
821535
733745
946713
109561
133412
872128
204588
86054
653510
2686
331301
689353
925636
171431
597885
978088
613277
801361
186922
551400
703428
128819
648746
435362
913863
152950
565555
620024
603164
114374
216595
941052
848119
163308
50613
497883
551788
771553
100290
721650
774240
947943
927356
216228
119375
525241
194316
249004
326603
897591
800404
546383
26410
449150
498097
456625
118453
63653
76649
721617
694379
809597
179021
542499
489257
229635
40382
557398
1188
657024
279048
291780
604968
206404
508009
724343
247998
218677
973347
90953
632620
290104
153688
659030
739254
651786
632008
374059
715439
708657
612029
409818
34606
791050
468669
40216
537037
25404
597614
54578
682428
876662
862710
287396
599419
370719
528091
847417
105749
17791
454722
738369
307895
608410
913752
563501
260196
545760
937561
491987
770769
65942
418158
321728
856992
886827
361944
910382
912231
959558
964960
111012
352572
827670
914760
951991
714742
442852
315760
336843
976995
286834
75212
284890
895245
505316
364743
671793
567428
302304
163781
338198
884598
581939
176278
741591
985118
538222
651973
413702
14132
133285
524714
366704
960955
955826
835048
675697
398678
667160
528892
892025
953995
604105
693267
365592
625773
58011
37385
193202
876667
201166
47752
761266
299457
224030
19209
284576
762252
671182
698278
776384
320819
739344
659440
281774
695170
494488
473824
610201
678001
2716
502226
631996
123173
711846
513940
748947
769857
551325
458501
646524
752492
506253
924142
568301
730283
943351
852877
8887
130885
67507
301623
451704
806851
477415
733479
18374
488256
723655
144927
166257
242723
163505
314605
365897
875351
828545
631196
645208
379870
89697
808085
648714
112302
732227
217016
842585
191931
586245
367824
322816
653753
185799
774521
976956
663214
24352
511682
151470
264359
656609
834079
507082
820115
665036
389331
211818
493581
20527
857027
389804
626576
181464
554870
738878
913691
288238
97815
105622
390836
465639
944791
44589
167790
719312
537897
831005
260016
565932
498827
524375
738893
849259
31457
75360
514295
937141
287179
524229
957668
144206
430385
100597
842022
985255
839475
272065
789846
937291
894040
180682
919282
838831
741623
87073
74495
279520
434430
334511
361804
933257
375238
100698
298868
923047
176058
813164
860188
463237
337393
334209
123795
767778
434806
482169
269385
274281
754235
59231
211572
648275
239913
647207
3458
981536
734280
77953
777409
168710
928816
139213
618319
304054
756263
917188
227101
448674
246704
603642
428263
584097
937851
68411
868227
372657
550580
137612
163290
304815
713196
374863
469442
953109
22070
472900
450998
272702
67205
228407
441412
996021
883972
576083
816427
156588
9623
559881
605262
256327
163523
33525
356776
101374
101936
225003
990383
168869
878968
153673
473684
592164
44888
459479
61625
583310
932379
28975
856012
515937
773734
813776
511958
657707
389860
844738
330647
399483
404619
935909
172163
568142
485786
528939
185868
104075
270295
176251
272944
149263
329924
262980
257779
891165
722459
835756
474475
171191
864732
330488
687128
638466
660616
715438
812525
566828
560176
143172
482664
481147
595433
654827
49289
597572
183766
235157
701647
454061
927760
490943
119676
774037
753923
377455
665202
992735
729564
139677
163926
110648
986517
367406
749114
647134
82844
77992
213962
159373
737516
696626
640520
849302
867805
206162
446874
51572
957671
664873
21985
885432
155816
141662
175821
426091
35469
841023
418826
765033
497052
582752
875681
999922
466510
141148
163408
549355
735492
893722
225080
473008
106701
381952
838662
974506
588114
801888
26078
545786
466761
48064
947570
138929
706078
123391
565021
741547
480766
983847
506581
494170
82952
898614
494092
549462
39762
657500
615169
775254
551223
356601
764615
657924
738554
603277
148782
326668
405166
174861
388806
388279
739277
852728
527209
961707
976119
608582
703254
973237
592429
726187
467408
191733
624802
961500
741196
180916
135353
872717
956171
202928
229319
237138
377204
967873
356767
525986
810893
278285
217199
716052
182917
472828
568780
710126
434535
544900
318708
137790
34489
427489
863977
501897
619223
488779
979750
876771
669696
115103
749488
142219
834383
978807
895709
211587
463032
768828
737573
273926
47114
954773
989978
230031
427601
558758
456509
378489
620010
291569
516279
654500
719058
896608
672749
854633
385388
652499
731404
571436
283954
997245
230007
118337
492404
642068
329924
955437
410896
583850
745715
974362
54975
252045
720745
998928
810803
177254
377417
947166
985175
410048
118018
220586
306657
790767
75219
208397
959619
322976
779833
243573
836573
526192
878263
328977
168260
724539
800766
579156
308389
546481
69871
879716
798526
790616
878645
125682
967871
772414
72848
953046
182463
707218
689984
489120
14337
765204
697517
973956
604532
993702
733882
441105
519894
612145
286434
204506
853036
87201
300014
677778
633682
369885
557494
948561
160502
952491
74243
644725
724906
663443
114123
907369
887013
804108
912841
901350
85664
610358
875307
690196
120412
125541
647653
640306
254038
934087
361164
107074
537640
661178
784852
687675
547416
342347
636236
707918
811190
226831
868995
536096
406626
983118
959817
293639
787226
872658
711341
872890
999368
586648
79438
119780
228541
727091
276438
482579
177531
637602
589654
715171
815133
374506
402846
362549
233205
555434
586819
44396
782265
455814
96844
705243
438932
56662
998882
742511
929320
710224
131753
445041
813224
211192
564821
558118
938283
841260
40697
632166
478862
630351
347338
810347
521210
266536
172896
270767
338323
276067
315163
636940
731881
412008
342184
687166
468670
857418
946029
914342
83994
77782
875735
413571
288974
440557
971689
743610
798169
12386
375776
793383
159090
239466
603731
196652
22355
776627
467419
360678
569047
782583
997618
300928
710943
339802
504446
695965
713573
450475
126659
797567
528258
2395
211138
817232
959304
699179
77194
757473
711566
969323
550856
387008
725141
154587
100012
747496
447567
567431
108174
16614
866366
622145
833894
577309
478299
338341
789626
191872
788816
916286
989440
317074
435033
716930
650659
394337
416110
244205
151810
644028
213528
219018
547388
938670
373606
647400
202518
337525
214831
827045
354139
597550
449190
704385
691211
927489
42726
480838
635714
347895
913476
625154
181321
348509
858436
348332
259198
274546
592538
411008
918574
322418
146378
465962
777440
519984
113362
979959
857509
844546
807004
728000
442096
772546
948738
133307
216387
991464
130497
852101
855711
560325
993607
37033
908834
852044
385365
684384
642942
494255
611744
561517
816674
758123
543831
110466
278107
173546
90425
651969
534444
413781
896321
976540
702679
845059
626199
919067
352876
273049
287520
724939
833374
281128
761972
258561
649524
663690
942945
292466
157945
554690
370335
490971
312813
914167
117790
107272
604065
208215
275593
138509
138349
688267
631401
841028
49678
773952
276447
402554
47001
