221660
853365
167631
245098
34144
142263
564169
355364
212093
96771
682278
496092
938322
807980
563824
10862
369562
931171
52841
636165
101544
176115
378896
288374
685279
54750
857450
542173
36843
743974
567587
774855
597339
735218
19953
147836
877482
100474
503200
89575
713598
701831
102020
168272
509811
182196
179135
879373
113368
231976
31890
731264
924443
410786
535990
609722
981888
393440
151896
18732
137414
719483
793587
251105
971053
329893
398941
364887
430367
418494
454463
660317
120325
72835
828590
630136
255031
7725
25861
884751
756053
57751
616015
196848
468537
152005
322923
450426
61797
474819
985510
199211
710654
779097
450317
198059
108990
365610
562947
55710
300456
533762
716027
420781
606597
60969
567269
377980
68694
593130
262732
341099
650881
395099
537948
635771
63457
860871
602549
125254
852042
588059
840818
79048
367156
807487
793459
992499
173097
356406
48209
989906
890168
280588
410687
13117
341558
494309
907450
926604
603791
686534
267704
771025
81633
322004
923148
661442
699227
525697
303049
67621
630108
143867
663021
513616
951354
456480
506115
640803
329239
70676
630709
735759
351265
557749
265229
209175
568410
172679
135779
172201
859213
919835
459578
457198
758191
382726
118641
973770
424775
421690
557743
54883
81909
220764
568500
549615
193597
590967
706770
522836
177996
337480
774947
45613
411581
40176
254788
496343
212855
906919
184896
588420
343107
644475
45619
101298
543553
680612
591421
968329
618654
149164
539564
700563
369929
624416
250178
79878
215384
473300
119066
393380
327132
894013
438993
738713
934190
210133
751408
663397
117052
936305
251818
460159
580780
813789
77810
640685
494401
669231
609014
113055
818395
148579
813618
704676
772995
580148
300906
504731
53448
419972
414463
380581
313986
853456
635646
764528
579941
387055
944277
696994
839712
196095
673505
936844
9884
751315
577529
504285
936898
186544
133692
271646
851475
947310
492674
624470
43810
793581
129202
613611
213553
543665
510544
43891
913474
146190
324771
9767
49597
269049
706761
889309
465144
896619
826153
991381
164286
403683
12018
617537
106579
145711
889183
958054
609373
898209
98876
169536
691790
228078
783147
421696
288096
293691
981939
717922
956233
306711
727689
522183
575760
950803
927844
557256
363774
753998
64989
528060
674033
77008
145597
296964
739071
551132
255018
864796
449342
353894
550684
657484
98325
333831
79180
902773
143874
577472
620695
616460
884183
864736
138643
459943
331891
66487
533551
695665
336837
598541
740078
527222
191901
402027
824186
447324
953160
595556
828472
918854
465803
379157
576338
564128
229340
171871
983253
889567
749343
120300
506027
633526
985036
161022
609821
316928
743861
659724
528945
597051
258265
269023
124273
966518
671051
464812
930194
140563
60368
758667
59417
526171
654176
152107
606651
883516
323978
589904
773083
73321
710204
795462
223199
211593
472836
349372
44873
733050
9097
573818
330101
783714
359194
454374
750233
546597
435538
196779
687160
495907
955446
262929
538430
609622
415036
145082
9491
739015
251338
298926
328688
961543
94389
68240
173136
83577
417612
218009
816627
426709
308179
146728
726776
667373
117455
993361
730322
552993
190140
417482
565252
145587
680411
103683
271561
611800
765117
281052
867167
16455
579979
195855
494350
190720
264095
183838
274297
198060
401847
607277
624769
226379
754005
867897
410104
387812
861258
140427
457158
51399
74261
22410
196986
271025
642445
984899
882825
407562
265952
749992
940370
845931
945847
434720
36651
726295
618559
827300
924355
536758
434577
65476
279489
704935
933374
689594
92747
794632
830021
66257
362383
420634
88668
75721
691659
247465
60621
574484
655028
326573
324476
111750
688856
786676
546470
725507
29323
681381
552807
470030
734492
503737
535506
13981
208672
985232
703575
817771
296217
49948
884029
658600
470583
489049
734322
162242
736514
794943
253079
907894
637868
93907
19644
326724
396935
566115
568583
426258
763848
637742
896288
498340
141479
948147
512322
350151
933379
732249
684275
745948
298550
568304
404549
285485
573705
655223
964079
310219
450166
217158
218114
604386
827418
237758
931110
224353
320225
499693
650612
600426
137435
63252
98766
795267
11399
127440
661770
461131
376042
346045
207079
674592
430701
127980
476429
4406
783203
440508
314626
749721
174019
49092
354107
1437
803202
801569
225790
639780
817614
392754
240206
955050
456007
338972
266669
983758
982765
928439
444889
358807
274485
168321
549751
705186
296301
26180
225945
595857
466688
56923
345578
157059
106015
216038
158496
425569
17607
384287
65349
835222
293393
305555
306624
749400
160880
573293
733159
143645
501732
694400
18804
292569
862721
568555
514108
675375
594735
740053
271232
577775
796976
616810
734835
419343
349200
409683
844912
366808
793970
910262
718382
87364
732169
25006
353116
893049
598299
86275
36694
616383
297028
571850
908953
159749
140405
423061
351476
251492
163114
622708
829268
476442
755871
80455
895785
105071
490138
257049
988231
800461
683663
706613
404177
415833
731619
757293
308882
846270
359921
861929
462654
656949
433779
371607
333050
574185
311020
684527
342029
474134
823587
171297
466928
95810
768104
879065
717234
258243
136114
705465
58704
336130
928431
462881
751963
176402
736526
577197
22673
96447
439126
1679
269748
389258
889638
119151
963443
200658
320030
821824
191144
143617
993122
658072
239428
761226
537137
473014
535821
189603
178479
110877
525733
106910
573758
794048
283313
826637
371246
822338
439436
810372
340369
709185
199630
230007
828336
679425
947017
148366
501250
138161
808335
10724
796233
564115
288302
849722
37129
824124
39325
731961
935001
81411
355223
25112
875459
638536
368101
246705
977226
807537
573430
317595
516722
773060
63954
861410
968838
10971
526128
986440
149132
850816
513516
461717
414931
801818
311439
968413
142294
867117
700374
593648
948528
55597
135112
340339
210486
503213
587045
704064
310750
160475
21660
343825
449887
85614
721587
935077
612938
764068
437869
762070
614884
951385
223788
546167
753204
51579
514580
411850
435048
731306
5498
899928
786904
140610
240268
513742
643823
343665
217806
470926
20492
755818
814751
986731
357785
52690
921809
970723
816758
359678
249145
431642
311064
989285
494162
580620
40865
8742
992470
992265
256401
514321
892194
559657
654931
132462
73399
815107
476127
807557
286033
496619
79728
617136
483350
437513
669826
921511
924588
486585
797542
173733
434579
108606
163019
928741
205578
720236
453836
714400
712501
710237
228721
604695
269894
400005
253509
859645
215112
729636
667202
17497
742607
746930
634633
742310
700795
304459
663821
625383
791044
461363
315469
741976
86321
994840
670717
291899
715076
124553
522652
943929
834790
751373
64977
621036
151378
318486
997033
882842
48123
180588
900339
307082
443870
534972
49392
144666
839432
713214
286401
146828
690929
601870
888804
777251
596710
75874
585502
828138
200427
108154
772068
551570
375880
837045
688958
527258
155531
685992
926453
720006
866580
826792
543441
310450
361765
592833
971468
717549
822399
257870
380729
513329
376092
785886
290580
972803
861760
876082
317293
578539
500589
89361
646461
876469
442758
335420
920079
598290
537764
846532
834648
404344
673325
378089
231146
551442
487275
202615
268991
309674
976837
166072
823003
352929
951958
629935
842084
813718
22370
159378
908610
522959
765091
555071
915780
207850
890491
835859
322492
428255
198744
673492
348951
872069
51582
580098
939863
55209
299065
725206
364883
792254
891278
704239
145183
843237
850526
503620
173307
872896
662998
598269
395855
944441
153341
827987
152291
43832
663847
991135
988440
862591
664628
853743
251012
232562
950193
707227
287771
249258
432433
169006
41512
323711
389597
703048
683300
240124
206668
372960
113020
386018
971229
25228
330459
124570
853215
999103
684755
33414
990238
189547
412357
654866
43290
663369
403780
993484
886948
691551
759094
319381
376910
316959
159445
766507
536359
842745
6631
743027
732057
119652
645397
219639
661232
492208
344209
514447
491311
545316
547862
997902
251215
960219
169120
294506
139941
572901
804342
26889
780804
79788
862623
157714
913099
22068
924222
449458
381165
930853
708837
113223
566857
354234
332862
228089
362795
193423
258889
854106
255092
806751
368360
506307
283322
537481
317165
939615
110382
121507
482857
891186
717648
345480
48901
630747
367548
489475
596558
748713
936680
305395
378288
503538
175982
711150
247979
538777
420926
506868
909235
676018
829971
277596
182325
629646
331429
499491
569261
441811
137350
52118
849349
854998
913950
414602
2098
797850
904077
598656
62916
840758
904051
441204
860648
596385
668707
108627
135162
89633
131848
560750
765651
961819
354698
947976
591465
686127
963819
677079
127938
101170
245549
493639
472520
159500
908242
474618
957350
328671
73274
20266
685781
493678
977823
62781
90063
646530
171409
225226
736163
819609
302328
18166
297780
657026
482494
889246
343153
446314
82677
987443
63836
328226
481082
536356
487726
905676
10975
961429
234348
600601
498047
436481
94279
475870
499263
184343
638752
187024
925921
891267
6633
228249
909433
304413
885275
908280
710011
744780
870946
792688
732223
934782
120915
213305
471138
124993
635334
998465
86422
869682
599067
100822
306163
693346
576692
805426
394041
731797
992450
319962
623064
515435
64563
48850
819849
949838
957130
46212
694618
344428
838901
943193
279210
959816
156499
266700
601161
791833
265166
687584
177867
380585
788406
382
590283
881450
322161
984325
129599
314611
304287
752664
346399
885203
317866
166248
835041
791348
728812
46012
135776
567713
989205
931338
43881
662056
198038
645043
970241
463204
848979
664460
843789
153737
664843
434073
35187
987004
934750
681139
817967
755389
950155
164366
640592
268021
846966
991986
575721
575779
37998
711497
659844
543555
642835
703726
721964
357225
348769
692205
820430
197748
356666
180571
351485
537861
130996
903024
41217
65746
584163
859184
821136
534318
539903
978080
318691
903221
970066
894412
995352
524416
122261
655197
67972
281448
358923
306288
638674
224044
514845
975456
938144
387863
156027
805981
925724
803376
225357
966941
869122
325873
342478
206610
376543
882381
184691
695235
301954
671109
105999
297307
195526
228261
952504
779850
26061
827779
86138
664735
51823
600983
640191
506319
505199
312571
312300
430923
115947
54009
914217
501421
379882
256695
708032
756426
655428
409075
968013
957382
80184
74012
771041
792062
818625
723545
571912
844687
551324
174402
25774
119499
291738
182318
142170
796937
494889
970822
227860
610836
24832
658429
112257
404714
915124
336641
677492
86904
262068
161857
560639
342253
235870
331680
650667
570847
55226
222580
931886
122902
913334
474013
758754
205072
656331
900924
2009
151220
871747
746222
278408
412931
404651
390665
817645
836128
243659
11490
439384
505727
173347
23
364332
925569
331704
15000
12769
903282
753932
461007
26184
667266
935020
301290
388691
591351
202215
390700
742571
590314
653274
20979
3245
574278
927997
337242
410406
171656
348732
849790
193735
38432
366166
558068
480353
697870
89420
493122
601152
843352
954130
143688
26970
889150
961331
415661
996854
679898
322714
255777
270212
975988
793109
789809
550266
721106
127051
477024
409114
992136
843167
119201
546920
209333
193621
27273
907203
283041
520396
24707
642745
990878
684747
669716
396380
646078
601729
393234
325976
924443
165364
112540
416784
958473
902349
483402
195931
29401
960427
121397
537889
803594
240598
84809
12927
434220
112082
436482
233613
148830
461189
876359
139708
662288
62427
52441
824719
180508
445675
150695
104952
127391
779588
38088
85864
681937
521490
281795
227690
481917
403192
765579
801863
160143
850388
814790
594363
478823
767624
827976
627653
745165
220687
283714
407454
283114
336155
232173
463623
298182
899220
84927
425574
678808
639367
511438
360746
160857
309586
588436
159127
712778
870368
477342
872921
720756
808485
983636
199579
576109
811613
343585
321275
548652
627299
245081
348119
963454
477254
811742
261636
892826
413021
687210
571635
568740
198649
448733
245949
24587
37169
921428
737365
907537
398771
126639
144646
207256
626627
860577
299717
438240
204162
620992
503245
831461
866073
851364
794915
859679
179458
572904
752506
108831
260114
840493
677571
975115
289226
923520
999702
326395
844949
253420
750285
243720
896411
411283
967328
523038
271860
267045
477631
992375
404390
980876
823836
786815
832240
135104
646495
11698
708008
915353
120529
484474
755846
314452
975942
45072
237972
975644
887819
599273
745416
154456
359345
641827
82091
326673
681218
353952
110071
158849
862679
514461
656077
686515
301276
488317
337971
464123
16367
562331
895828
653248
46806
651674
967700
22748
213098
722024
514744
617270
321298
260161
771726
680643
418340
370170
523669
99558
240474
633740
774759
103153
148201
430836
306020
965829
435505
643992
946305
968224
206323
358485
621472
769481
10160
105524
308581
739610
827549
823326
873232
148847
599839
161311
345842
18179
531481
869511
634090
771955
503251
925201
875108
167804
872390
181128
649986
307895
341472
596291
276120
64148
954776
413944
349981
481288
519469
658563
737251
347018
481889
610483
12217
81728
771794
358059
616259
303275
743923
766701
591582
247174
691903
466690
931331
564293
164171
581317
872188
21995
693960
664660
602495
165088
78605
952477
162729
598074
611040
416332
461444
609281
26815
990013
691009
314962
348072
823620
134589
608347
590322
726172
855522
282225
192862
303205
846518
873385
400874
235058
411733
94834
416071
14228
776274
11028
966705
455355
125454
94097
871687
586898
703378
414855
576911
910739
729817
441335
734360
864406
49683
841034
590578
421557
123259
299793
241114
486129
173178
641988
237539
584911
253174
653610
115492
29448
664638
598549
1156
306444
692647
872843
893342
912377
287698
986605
823117
17515
944293
73829
398274
993976
914863
988852
931885
554474
804997
172999
40603
978176
814987
794494
79439
584513
964457
711283
130313
145447
309833
131469
451892
518832
4313
861586
431209
808363
848192
770678
342231
792485
360859
740505
302813
275722
245709
751050
346548
50707
924049
903503
545235
255388
697998
141026
839901
178807
852310
970214
324254
162143
618036
776146
680975
622349
637733
628536
947064
2277
915567
289295
311114
276426
546152
130279
68501
791862
881329
415049
842569
805378
318553
387804
577118
532903
528830
933371
711710
381140
903585
35964
59635
37973
328463
256962
660322
482548
401851
123739
1177
317418
413034
312291
593844
959187
442570
662345
267401
840251
593747
109970
161981
912300
14126
739099
961555
542956
672470
673265
440449
92407
225581
16436
130381
70396
273399
307055
552944
191602
430794
554121
509020
360181
382764
619216
835720
341686
281562
103121
181937
391661
213091
343918
820313
227217
599369
781868
286525
271839
971485
726974
880599
197066
259763
10980
267463
49514
318035
336759
241116
265182
407233
750136
625363
789997
369352
461083
648036
167266
564204
346325
558927
293647
206596
379240
520864
805965
161108
807389
594157
132593
50716
474756
846012
310479
2088
629827
359993
320123
966586
117461
101657
373819
867597
727020
680169
753301
704455
328205
920568
268659
674530
995847
78658
397478
375088
599522
203444
52548
923264
313953
701494
490332
788709
63858
317163
790797
693685
193508
627272
660271
310969
728930
550443
694918
972302
230612
448219
676758
75169
885139
461769
266051
880987
540428
663530
256075
656302
383326
824975
95918
697279
526469
102602
2340
590327
419765
309489
284012
129625
936761
460636
440594
182043
527431
135512
154346
758043
100084
347456
349564
985223
325577
131967
866210
382357
795497
638637
38660
695175
463613
650930
392454
506434
753533
394794
96762
689650
704283
897126
819276
157397
874114
776222
855792
401545
428087
10138
675940
528171
873946
541856
513394
199524
673824
895957
581881
469321
534594
136893
680849
998207
787824
73303
504642
57709
984450
117756
747359
205085
531234
566635
878834
405349
859210
734627
323246
287297
261117
515539
815468
135064
57395
328862
850940
731219
741171
949173
716893
275766
602419
397742
273973
390243
987397
294967
964304
971847
929075
711663
693285
460310
794651
572119
382011
653861
306746
221609
941158
567864
737148
272978
219280
794544
118192
70220
525763
859364
19393
759008
135130
621812
156750
925455
528407
144148
736775
9063
632347
665850
237079
325632
126160
548082
414104
24523
201943
720850
246133
659453
805066
983281
448783
24346
294177
566975
610918
336293
426339
630312
95301
77821
768476
768404
3277
813236
912552
256404
822299
61251
922254
575730
386884
564767
123812
317340
589290
842107
38190
351775
501560
359609
851409
466695
383955
145586
33671
994874
481879
976362
141538
577181
54184
426366
345585
573813
755954
774489
830217
94606
835740
268823
670336
738976
349942
794149
56316
939233
636256
610859
807360
654169
970468
658769
120864
870775
804356
154535
382001
286235
647250
39891
379768
217786
982610
241705
307951
738564
16194
654520
833170
368287
923343
19859
107263
273286
814008
679932
728871
450264
290791
536231
620785
777611
711353
741650
164738
515709
412537
63092
318296
59787
102983
214417
277573
85593
456122
101876
340510
472317
756396
690032
840604
679740
709891
464219
469378
523899
144151
198249
490516
951294
250832
111301
245257
962185
369303
409996
994246
781841
473088
828895
357980
92423
43312
151906
694369
499434
253782
34879
488103
10179
241263
328707
206271
951155
309279
675649
991406
453430
873898
998274
921077
641082
625928
682686
119620
995231
609034
630218
293424
598474
459113
651405
690898
18777
319663
385267
518212
573445
936498
522667
583624
177761
367727
306247
645268
677006
981896
153027
646788
372146
151301
84217
13229
777229
766904
132849
288813
375938
763067
582237
974413
738533
749994
665311
757310
69657
566930
791874
643103
19780
314542
743079
713893
682269
49327
875514
359275
547575
28541
522415
919722
179842
606633
932951
473424
373537
582152
762237
749475
861571
860826
240240
600104
610821
421903
357415
680478
505185
149289
839933
524965
980183
99365
755211
662452
665044
147077
538079
212619
175618
60495
132341
871812
183480
581644
345236
557017
163796
623825
822844
25368
484652
63085
141824
95473
484988
499239
292303
506526
164881
132237
547843
145064
747954
303054
323869
412998
450131
861948
625617
142101
438795
274311
13914
622275
855955
875502
695644
536104
499328
518489
561472
983980
97926
703296
595805
99266
718888
888108
605792
883769
536697
153636
545185
284651
973042
869054
214001
939526
247355
839619
81627
686150
630282
95541
824778
486237
971044
520422
22341
986724
555263
100165
970704
653189
319814
566509
752456
38702
454617
874600
438823
507667
28236
984008
792318
1279
369415
6320
940805
133122
362291
538784
335624
508925
634326
160402
995162
121722
197177
533856
108446
752440
150373
595502
921982
470187
678363
674438
508889
649332
549038
464064
156999
93627
448073
949318
611258
333840
471990
552063
983314
350633
90847
318938
859558
241525
995693
371072
879599
192870
421280
504397
461662
571654
99899
383644
41841
778262
574434
550731
427595
639825
14795
584594
733452
979220
50264
861062
829412
38606
413125
812726
905591
20324
648017
765149
778202
643710
652574
657801
352932
73854
162199
814594
645508
778450
714591
687350
556713
289025
754433
500660
445202
285580
601606
178654
264801
651871
556068
610565
206829
969193
939644
112421
505870
587661
393922
284072
231371
46496
458225
584303
120351
136776
915249
765859
915227
629840
453209
988292
435218
207642
5304
880420
493223
606910
575427
274376
775133
131495
401293
981963
100689
340937
610736
122911
444950
4658
923335
192673
567507
381560
293328
687858
518337
208578
453717
949916
838418
423279
454560
789988
147273
459864
670409
156848
66774
245836
947576
841908
377331
348870
340223
994372
206159
950959
117283
651110
471969
40618
843783
39476
938531
137112
727334
973220
862042
697404
923136
216812
637035
377696
6801
300660
353912
677210
973861
420686
923046
921437
778946
300377
786659
119169
294750
509171
586480
928385
160281
58450
485356
520416
614278
423887
173880
857965
397107
35922
71721
836595
252735
708756
730643
259536
525768
84555
453098
499629
21593
376144
421067
800540
192873
724078
919709
3975
233249
506190
448713
393530
80992
934069
430299
695270
357956
604179
69587
271415
640102
141308
624362
409189
850064
355005
185077
892185
955912
638175
391814
977505
530671
812881
778045
723544
53312
214107
243872
286561
236649
692585
196444
317641
626654
626743
529263
500962
230922
598851
288729
387376
256511
913091
312917
106576
784448
497994
998761
256712
136169
906927
234217
666840
236161
528615
906737
289473
742722
150609
576034
979371
843194
772478
813364
986200
399221
858979
487162
146496
974182
775891
50224
230694
205334
363142
853622
989782
377488
368735
246494
513658
275662
997063
696850
511823
525678
119939
801296
784752
270548
893683
280475
630094
666161
610191
616294
581735
985523
619808
244583
959705
912051
811159
706751
117385
174301
560373
623519
551790
445460
870013
581800
237475
383429
795002
749298
909107
914942
66947
210212
701842
476982
490687
331937
143143
617231
464583
241230
602754
84392
2165
562459
512795
813325
785563
630181
503978
345936
253700
572120
307749
640066
153920
545224
23495
465275
294522
448954
380217
877821
659166
598411
354803
666206
930348
14299
283437
911284
771881
886191
512028
774047
965002
24823
587372
750565
655004
607702
612854
425057
179823
920603
65123
850095
465827
88618
315370
276701
537572
211939
670875
196739
810351
25678
379297
257051
556329
662734
168335
328211
65277
680363
618610
30279
221539
722334
297197
392895
330036
910051
817952
509859
347006
883075
876307
812833
971693
191677
605886
25618
403617
276761
738709
213968
302440
118006
471019
375121
297092
155707
219684
362369
352422
838294
909000
573961
560628
206197
966857
407017
632600
784809
433228
979606
184237
309535
792439
672282
501213
398326
697900
421182
675087
436609
635150
493879
70967
622521
385353
368059
778228
605037
730428
130651
443332
639429
704612
520312
845626
187821
927329
478227
488983
876910
974185
673220
186445
282977
345502
204010
681303
43403
625192
872742
996364
260342
882974
67332
399216
268327
435391
177444
389716
165820
308095
349400
321601
529060
869713
683579
233233
313394
678158
722216
190304
652344
395436
893102
935321
740939
97112
132976
300694
722305
522070
297058
498999
405044
880742
414567
189723
316134
592012
95792
998306
416459
445192
836259
461871
314905
519838
695105
144652
197997
417321
851308
850341
329110
744410
785662
70049
357875
918638
887095
596532
440708
700505
611883
362105
581248
26451
68180
413734
618463
163972
928392
551274
125517
764651
13146
440422
800841
708251
101426
998838
641924
952735
365531
971034
213497
151193
41083
87724
586183
444530
684256
543244
145036
296140
421701
242636
838943
6233
656370
457406
686558
101114
525032
812075
382117
538178
768849
182958
246429
870276
181797
888354
339363
547328
859388
69212
214874
416824
156937
317409
377706
841193
377005
522742
653685
798706
281730
492628
321292
454452
466386
7850
555566
991419
819925
937683
529597
588774
120642
292379
975402
818791
697085
314765
882471
72825
383978
613697
6001
57267
931107
383708
898460
308112
422802
68498
623171
704533
77478
944463
158985
543865
468665
230904
51636
288590
168587
97585
393716
805581
906316
369119
140724
119753
200236
23196
192579
100566
636893
714932
157833
84352
98640
572646
908817
37795
641144
531988
742328
234974
992803
417665
295191
461468
648569
346827
266410
333509
960765
660126
139090
867081
545597
796167
986835
745834
819363
695766
362752
972608
410698
520586
56961
25691
609584
965778
579838
767080
14118
322166
2054
6921
256183
297246
984741
421105
160425
251151
754614
121190
427629
410056
988272
973227
206223
491459
235413
541938
187225
598165
30899
114275
635103
87860
656318
244687
569990
236156
11767
100460
74674
530174
623733
330858
827420
608474
751963
987845
375977
22929
625388
803606
432985
130012
293185
155561
621471
44950
213851
325048
159468
244750
955675
794571
848962
611994
555611
935304
364502
83730
35764
439177
613904
659497
286387
441324
784323
554702
945522
676652
577631
570910
480259
526968
700922
289796
198881
838745
334747
412733
680145
10567
173835
152172
805138
22798
764166
877101
958102
128669
960832
510219
84198
574736
686068
370585
16061
986744
441639
477935
663396
19270
565197
660007
62590
782471
949804
777824
621216
800903
190557
817713
811470
880744
969885
132960
903542
250404
10062
377997
895425
970894
404568
979623
61982
90636
866560
594395
77380
308199
72330
740777
843821
637527
400784
422763
419998
866940
200587
557566
184195
907496
891631
995665
788241
861517
644978
691783
628273
655040
586132
523698
142286
990700
19673
204268
597689
402585
798664
675069
227136
387346
932198
70957
541226
849335
493720
961224
716275
210660
35143
900471
118156
926774
412488
906397
304643
57466
114533
932916
228858
700665
972966
887496
207718
508991
91765
805407
427928
406781
996828
655064
310479
445379
242373
851705
294714
252446
812930
527341
463106
364425
427812
581262
807551
356653
4012
112195
930471
118545
561463
159330
335562
50782
46826
59632
76125
654943
865039
504054
578076
378220
675470
888556
823599
917844
740261
634665
170290
69543
162006
149748
950320
106171
731010
757872
462824
251374
386419
909647
369919
464234
68977
705482
515016
632156
765114
107494
803451
146506
611548
897880
41078
803370
786436
381029
721214
43049
532046
407856
628945
694052
557604
579265
316575
804967
853489
295751
56341
239908
205399
942613
704143
790728
164447
735511
422884
445913
843005
742688
108771
970905
640568
149849
774276
943356
47230
11842
986405
579276
936051
131702
273329
10007
227320
106256
331326
80809
402008
904020
837070
607407
846633
57565
398135
527432
309428
337372
973345
668786
80060
82117
639691
720628
748318
930319
663984
795549
458514
166741
374825
910917
298444
164506
920924
525764
270763
768603
122925
672771
672623
476347
796530
35608
50264
194665
563040
359693
532037
536385
28479
128449
618502
184522
849077
366821
631194
29413
678722
606060
196155
53547
516977
10951
734406
954253
53067
521521
722856
692344
710644
395479
168692
507174
947439
218956
218191
510479
578649
266581
563217
123480
395030
698071
308003
244108
581244
455549
789873
259966
61609
986028
829866
578586
513331
80624
49191
566398
602145
772048
258743
312789
683879
427435
336315
631319
162743
554506
658150
257745
821087
221367
381225
732470
919439
205580
492930
17035
177481
282803
277002
239090
268832
623220
334028
298515
703844
383220
864914
305989
671620
123657
135130
355499
67444
471445
503170
746539
542303
161321
4284
879743
899040
901862
612213
334831
623794
105143
351867
801276
387946
628869
40366
173130
252089
890747
471646
472285
790319
852912
778274
461939
976569
429756
333790
560365
901201
353313
306904
959856
30986
827541
839599
446378
729403
451812
781210
353197
73307
133077
154473
461254
278298
711192
150736
46739
118291
622382
35376
908610
475294
813650
886901
968215
243406
737043
44932
660959
606708
351837
620815
637694
179378
976767
84073
425133
428579
381635
778330
501887
31064
449156
479493
825714
160348
630229
388805
278639
768964
424181
703601
760610
754183
106854
728826
997589
843897
773758
174900
450606
641947
312067
604652
337677
288834
688725
762810
233766
586712
57493
252005
617776
506649
731498
443490
666997
878079
832295
461988
647043
256476
681941
407654
10659
788795
652832
524600
632692
942942
215852
599650
584890
527920
204303
438919
816754
409380
201730
50520
996093
775575
818877
613869
282224
550375
57360
465573
944807
406007
927561
591850
178836
609502
515856
189495
398297
168688
230448
547341
627983
446300
146992
212873
974220
867647
168144
307327
277027
369874
874199
273120
145449
693077
403342
944025
759804
460702
409598
704611
383061
853511
296462
561897
979365
328670
267745
894014
13711
498193
441356
641694
460845
104700
370919
951418
972347
539063
258745
249374
425290
132944
38847
87091
342373
442189
547469
102178
419243
957067
806789
802304
810579
619603
880554
306296
948274
148299
200311
478337
646492
158019
120031
623689
262719
7302
575107
751418
62717
833852
517144
4359
483149
555991
91451
825522
514532
155272
444052
933775
112339
250842
252432
439270
870445
132986
745567
335071
797637
462230
813408
960481
620249
449791
584170
882968
457093
159278
634386
36163
509482
151530
40522
508983
223874
648325
850858
738406
803597
294910
188534
432289
545752
957318
871559
932550
606656
133478
267621
404293
595708
81030
364774
215957
530821
948944
615277
504267
624574
766015
540430
650409
433898
580952
159392
657772
229278
10250
396178
549227
821513
101064
981516
367265
58382
853076
299815
181390
502906
83789
585683
614967
164819
950457
347276
211992
415754
962554
716259
556680
244921
256689
207089
678819
353994
366482
336591
583272
893084
249122
132499
714597
350186
114016
598215
924921
483444
414382
106311
986350
498171
208347
117669
662990
158804
464946
874983
90910
427500
107594
647591
672421
364284
854680
351241
234630
737514
204184
817902
630599
453306
466753
861548
319845
97121
976115
761118
96917
390498
867429
599620
888669
75776
717289
68012
750933
182235
459347
841843
126087
83293
5786
314861
963929
860467
666102
198559
597981
386638
532813
744932
839945
999567
122833
676142
613040
98948
437260
226310
489446
821041
825930
894468
896818
59571
478832
164103
241807
454531
522298
367894
537824
528085
682755
501754
904904
865209
700313
19237
768200
233127
764170
608145
749046
887003
284287
878438
502303
721547
104748
508102
58940
447030
402570
955758
506602
397754
636213
264761
368637
158512
149007
906461
202949
348115
924567
107853
729676
141233
643442
497876
890712
407612
106021
156110
810967
906660
550900
313271
144559
655649
337725
203500
619031
740295
675610
125633
654401
311824
906746
23038
986688
55754
445851
705989
403869
886771
330194
133545
544356
973636
631422
435068
381249
253795
107530
708568
160456
658430
538191
821367
830431
875916
24867
449463
132563
216830
91448
303316
528654
998195
326354
31694
570301
288558
737683
974170
175329
67877
107715
719685
41513
255489
671105
939114
509285
778635
164035
186093
437065
702226
7460
783849
94495
548680
233312
743410
765510
841112
46727
810516
355659
889433
358562
925960
177991
96245
900130
869672
680474
524198
105709
238339
296039
776814
693806
805324
71801
857841
507769
25219
76419
515230
809068
687266
580262
558732
430677
345772
399844
477404
156288
755504
366837
514850
681464
61181
127447
97947
930853
324273
138497
36563
78964
434536
329729
772770
756213
401531
146963
263982
426750
739735
295564
235818
943353
875826
794550
374030
221598
710746
367786
894238
466250
250976
925440
664067
312157
569239
762014
759362
893512
416863
312277
488829
851399
642007
777951
607612
559890
441267
387947
986640
181002
683511
738810
124355
559338
49712
14738
297288
760458
382524
707879
743061
633500
633319
407128
462009
718911
685494
737724
612423
102357
50001
617604
470108
208360
395556
77721
768250
836823
982020
754890
534177
665531
10052
658532
741221
59764
189622
554862
820223
572147
779093
563284
721999
412412
486764
700361
131323
172258
438085
260099
790967
4438
877703
261075
212799
789611
855148
981049
626434
837168
252292
676963
19052
778696
851848
276625
838461
41470
347839
175036
129969
126932
254672
851969
55697
741436
68682
703372
430046
23119
479823
737365
27557
873879
998440
756708
663490
369941
254110
806277
723461
506402
483240
258865
801450
335088
51843
639911
892911
916034
814947
22880
42967
585971
391201
615016
327407
459883
318388
273805
999354
798212
11170
26912
672091
525963
299972
851933
412256
554082
174562
652069
576836
657803
910935
378287
509243
479130
18198
402154
395164
349498
941387
954483
935469
332588
569499
779229
308824
404240
569386
308178
718804
96909
335090
907247
622872
635063
759180
551480
705497
933743
203549
282334
107898
630836
660621
133493
109966
195171
52000
21483
61021
993387
975966
512843
842327
61818
808424
151151
466058
377810
459330
184862
474719
310772
92109
613943
462187
367641
165423
167685
817736
885325
450019
925634
516161
626992
575480
142480
338515
627480
163963
399537
137219
139929
912380
979546
201747
720804
130698
184157
614966
106380
885371
89686
417152
977480
703629
879340
861474
385405
563377
679210
270730
529748
121197
786891
156740
696677
929371
11607
840509
93334
411144
977728
749616
839876
473626
467715
77032
120676
168225
691999
227056
53596
298037
160561
547429
1666
556253
408903
903423
119630
604465
174153
165730
725662
961045
322470
938691
406768
850429
779200
16455
261574
273280
766071
617802
746907
750138
694835
867583
918363
903186
610992
488312
201223
771553
35741
719241
844158
960996
622665
480140
565461
796818
645870
807476
274215
484692
746167
680984
335121
525368
213791
596695
798648
496214
730850
61907
246352
425685
445843
681068
845223
56835
169380
46446
344740
721473
282039
188898
682469
904704
669038
764282
217875
314908
571758
8442
315952
317926
689426
651073
359646
419569
247769
674646
915783
978619
736554
678488
920656
182397
359556
282231
755584
45288
328677
100324
766761
127068
805574
965582
31773
990964
729864
766000
822224
817975
774442
138176
652253
980221
789249
11899
399790
553370
202897
315574
48341
939451
994062
485349
638200
869970
767580
393784
915258
96257
10460
198371
739678
816034
163953
771451
806998
410169
53803
145574
228144
828245
283750
396749
808466
73000
408648
724609
626370
611546
556535
191064
67349
550597
676413
221902
936919
443994
615686
852177
540251
142499
566900
279929
958533
730853
567732
281884
657374
137887
427458
401871
966133
227561
798620
290951
300561
207269
531912
443283
335167
88447
634347
918868
155396
310761
140770
92315
754755
272809
460844
811358
415308
27744
607640
890193
274949
691724
688429
932324
829612
632240
334195
312097
859801
649167
603048
676714
856436
651313
636349
707955
739760
270697
143176
895157
97810
283946
987472
852565
73107
964669
180275
488415
992413
304267
894961
267363
995992
583390
716039
341956
215630
566586
654053
591783
215753
773453
784849
588542
424766
421199
812849
164527
691896
956025
576036
789706
756324
79860
158623
829431
44529
855250
317847
36943
159518
212808
820658
671862
312550
53049
13818
44533
619635
184223
636316
835388
957676
421166
940282
898795
358717
753132
579674
50613
709157
155710
356671
465481
235570
31646
294913
280100
403248
129112
833395
79118
858272
170405
750980
170822
223454
281150
215355
359441
465373
368024
194829
939402
305542
135112
354549
664259
404596
934223
231224
113753
89933
104247
579235
325503
652245
390500
121955
55493
519612
471702
134612
894236
642107
401944
65058
381913
683095
796766
741354
664820
681142
936184
120574
503036
587648
475123
683647
992244
409346
431223
622349
499279
535470
717936
341135
187715
108436
979442
759560
144400
451145
894172
554988
93252
296117
136399
991518
495564
933165
732872
160384
130659
185408
797311
150047
773056
272434
833694
281652
681781
781269
420354
697412
833091
138290
554899
20806
763079
534342
296718
423831
501839
190891
978820
111443
3360
115219
102961
498924
564736
835834
175660
211747
21242
972971
361794
310651
245406
711840
108655
443539
493109
529009
657303
326200
667300
728555
863358
946731
262897
160076
370562
281088
867319
865734
392531
870679
980953
495493
885955
62041
847679
61616
273788
868921
550939
635582
695924
312697
863774
804580
272588
356883
849941
929892
199435
517241
658447
579145
980324
437696
739222
350887
718784
122893
732973
627667
993573
713927
123160
395880
775968
970839
973848
49757
356113
524788
201691
52037
353837
65466
372969
626426
938701
222911
556318
654489
256504
731117
233634
236829
685165
489208
104068
920301
612102
837041
547968
122027
67320
187481
517907
359641
674672
8108
925750
547137
532896
127441
115527
886733
709259
488496
29511
647961
711407
102181
302450
484264
349650
52436
237445
34815
541645
341513
471468
153747
694906
19437
792126
762227
723270
310033
121868
397942
318141
47618
461432
367389
691411
576959
770475
400671
65455
799986
564984
293215
418520
383786
293831
768170
436222
531276
802986
977867
872789
274454
647966
84047
810243
440092
846274
533513
750126
484494
447808
584619
532112
909240
468361
739876
2551
755188
140547
68006
71526
221883
877573
490046
605669
171404
258217
41891
219032
577555
536111
91821
368361
184077
175869
178605
624170
538495
228470
890648
22990
192630
991619
71454
618222
976332
327682
620773
731520
984581
205132
803047
206464
82705
809445
812133
770462
584014
370377
989494
161569
906488
597668
529931
90565
289889
224888
231087
344736
969710
121735
884078
162341
629707
471885
780563
606039
799567
401337
337560
784149
606469
656959
990613
205526
982756
319099
492340
566771
689476
998187
244692
112316
595855
774623
202881
402096
515863
950321
746832
485574
72056
147263
647915
218115
619148
428478
824155
418715
346167
161715
202864
468988
335026
709830
190867
317782
28929
683207
400905
718405
197746
645598
830721
309953
420221
549954
712049
452437
16627
975234
938011
605036
122497
585926
823151
257997
530756
647306
676712
393276
325373
879577
378616
660399
589407
569483
494534
134688
769043
895439
853093
966789
541037
200166
276743
477611
266472
505144
930048
283100
996730
384411
888136
635579
486689
711287
893576
533797
874946
570289
927073
200319
966218
822042
860719
71977
391525
871605
206665
676920
767044
576110
643710
824434
292628
436805
818397
559100
941949
264797
358552
938680
649208
763040
574259
135897
990680
467836
186046
865626
554477
629472
65945
520695
451514
926664
109024
359391
314621
315689
36312
81666
408151
196374
422452
700779
633179
240849
776231
91480
505646
134784
30160
671206
414176
120772
807103
404856
104960
993149
270482
659437
622621
336428
696484
590487
779444
805508
949879
94066
637549
986191
692084
45700
182565
114536
746479
332096
871737
522710
423576
377383
173846
970089
48589
588023
607213
372044
509231
712173
881545
779714
887962
20519
632494
100798
127358
411938
906306
77237
22356
543855
579780
714440
105907
278697
345328
368738
610793
217065
891448
34370
110800
581647
520811
675741
686022
128024
564137
195253
356549
962035
491319
244511
982554
123813
345309
109912
52104
767967
703502
74460
828174
283282
788901
934081
561980
650581
302819
689125
867647
710619
239847
494799
808618
760658
170541
494640
888682
734678
206246
761583
696713
697565
6094
195619
337731
867755
821884
389835
635722
525386
464295
463896
325020
769548
914329
403352
420130
217148
92478
804129
444120
332325
298928
252738
92984
985821
263731
498018
720500
986329
259602
933565
200246
782048
129185
537977
649804
467421
927812
285526
509159
908460
265775
834179
194360
180104
237532
130842
913605
846362
934971
357725
178687
750252
126815
788023
252425
906898
286042
489277
893227
61996
422843
609826
844044
68380
147803
10200
52153
591968
295727
561312
16780
561502
395491
211140
257958
149375
341983
171563
995737
793306
45640
690777
59910
172456
478800
312336
595706
281194
801613
5286
343190
740808
615112
703587
325540
279267
713787
377693
871235
525866
939005
404367
603720
850849
615508
861679
516576
473843
549594
512314
783501
595235
719443
843412
284043
198243
672100
879749
479438
990065
885035
338980
247226
500147
42567
572766
779415
756355
950460
167002
798573
405817
571370
402294
256666
703230
263973
289595
177073
813567
318261
476926
925154
37704
320338
209197
235947
508790
605299
715385
15208
490334
570718
262434
506834
613285
351552
802601
885992
302012
969603
684566
224182
57325
86860
997200
760555
867185
286795
453980
197104
605056
930907
122259
642760
767597
847808
878708
792740
453107
110445
807948
943442
681163
586734
966628
810801
938286
769229
696793
756651
255184
381359
980833
312510
984571
978033
589417
368108
264829
559750
565213
386237
7009
203824
28998
290958
51632
424058
83698
504740
534503
407998
964534
732019
994732
931162
542820
933019
700391
755965
206022
955575
653677
186855
784437
638248
681240
373855
6357
462421
449957
87922
848659
456966
291746
877657
747924
343378
301715
347975
848118
352570
755973
329004
600941
750706
260166
143761
200077
476909
899727
922451
948837
553404
625658
733274
708004
306898
623481
230713
285672
589790
318635
134331
46756
610381
528340
311033
470112
346407
659008
834582
215329
414981
163587
816271
682039
940105
476384
398468
417015
892463
320919
365852
962219
946577
615478
670224
253476
755312
417289
55500
345102
252277
706183
908211
862658
234523
219244
849122
97282
878252
683705
312611
293233
363644
645234
491625
303749
121619
890093
237116
530434
211013
119320
492654
157590
734799
679230
927418
6463
96519
982918
351565
348796
205453
776128
727807
439976
995372
93281
53610
873624
776986
882574
683210
656982
527808
174835
960732
165779
581280
197848
212566
792293
317169
705220
466236
568320
900802
910006
574783
513673
409277
442700
378822
614730
218829
106629
571059
214201
716262
624669
604178
9601
23595
803740
666583
551404
978575
627315
233535
76207
341516
446101
868501
658685
667673
334737
743357
568475
244743
318140
82149
170372
277192
460971
785103
12373
83952
356162
226575
316566
980831
347105
326167
4427
150845
992751
72183
645772
620066
822070
721979
961582
784524
106832
136619
968549
957921
879976
537025
719017
714468
135526
889389
991661
112849
674492
4034
713153
30654
746961
29719
527838
610418
355887
48617
277615
348638
637152
923387
485056
975574
161719
962991
760098
268551
99610
728648
742825
979587
782025
461842
694055
433903
351231
202068
546752
542076
722455
776257
572730
469416
805976
616920
596187
678215
181889
873802
543205
819041
797190
28262
310968
475261
991253
71066
260164
607215
316066
2989
586802
614443
981183
797210
48346
332415
515630
111450
874491
238085
887707
963573
223854
210036
96846
820041
888251
278735
693843
431457
614129
7385
976071
925097
482646
483676
512515
259163
90891
344934
262152
194046
959377
243336
507608
524076
92103
23238
635526
482946
777676
523234
962871
1530
249622
59717
337923
137873
854805
31766
85682
985286
555504
578105
426735
554502
61781
455602
813665
669025
800536
592170
863071
759914
351858
887031
283990
443961
910269
435868
443259
204297
475454
406130
722179
725076
982200
60102
379302
353357
608221
981336
338643
163725
559442
281730
234579
137575
737332
48245
806600
537869
156767
186023
814135
508625
73054
614477
468938
499676
50345
912197
703973
525800
834679
426153
250876
816879
2607
630178
170236
610828
611515
25231
290905
687309
306961
525485
824884
560646
90082
147837
98515
246849
333860
429002
755474
406915
43479
224412
906591
93824
652961
126916
135976
487640
553069
903205
820872
72029
49735
507460
682857
661250
49044
490115
864911
872357
15600
206148
433003
105682
353985
47870
352531
687845
476872
624357
611112
36703
365121
34055
130528
18082
677324
782856
22074
746745
686061
359298
818774
735797
866759
501632
913399
432155
991747
778311
304512
523699
500811
737516
145733
854796
301738
498264
58993
778611
638973
186458
815314
4094
220513
462194
538528
897837
761403
560602
160935
447464
436253
979709
699613
819364
481341
613013
251519
989440
907676
556031
29491
408487
809899
175224
779635
111638
189840
838628
406601
828813
25086
221915
349259
761952
200462
887787
176141
961865
964742
337076
409329
400995
316786
625295
220359
314479
238308
471878
820272
662336
544261
366115
587175
870513
541340
366810
982151
247532
205438
388752
592698
746877
127019
941957
25181
843833
346097
717674
805698
310839
571103
731380
711834
404241
356675
448545
235072
111335
436775
571696
290023
981036
937812
877198
851549
995504
244008
350052
243036
965798
255156
352086
229027
898528
294044
254208
742361
640141
488235
64412
467332
59338
795792
695518
463579
668819
144063
215003
296506
580838
786700
586529
78226
724512
463727
446128
720016
707735
796180
479404
189885
567689
831491
418913
466217
641887
189473
208578
282028
677708
272990
265712
253398
585134
961230
233329
770305
105293
448333
66811
202483
235033
653340
280709
959545
633419
726837
195913
857506
39370
191669
47392
607059
23160
466305
589628
665047
172130
314558
463427
366191
103901
729139
135941
689035
206721
369271
975693
312014
333956
42504
514497
568989
212197
311559
44886
845616
554748
757151
703123
110470
948820
750515
233881
971981
733172
823509
153380
421654
138068
133160
787845
241969
378651
440139
447356
585373
809410
423049
897387
143366
981906
928237
228707
194103
756148
789945
556071
827248
63448
259194
937719
12268
526061
171600
500601
775585
511462
170334
713592
165882
303494
17789
407851
198497
457928
371559
783870
267338
310961
197610
927056
292867
642199
672115
3322
398347
978412
559393
741947
41860
334940
196018
54129
377353
367619
71082
669291
395433
241416
382883
561315
61262
917024
485518
259760
374953
857077
43630
158643
168038
241240
602052
977257
399791
274167
980579
314490
768932
56325
56438
810792
907617
252456
381273
801322
136427
452356
470613
531860
693772
369848
609527
271387
286873
95045
531147
178178
952123
574777
336821
636513
332370
938873
613771
732161
729393
110702
563004
14677
683379
619442
825469
590996
388250
723095
908671
524678
175451
895636
572890
385575
265485
182418
656962
68710
277463
704461
763240
745938
279239
100061
382452
127961
555287
512575
376474
801032
139629
939478
332061
823009
75272
157530
414005
463523
880625
839028
504553
572428
734665
593795
474356
516502
776213
647670
101564
570029
352132
864804
315967
147723
481217
214771
275684
552856
243698
168510
870240
383328
624341
202301
206337
699613
359832
136694
679488
756809
975723
184041
845590
710388
777837
319946
226890
70402
967616
844806
640431
836100
709610
472751
983823
190827
203874
259507
743684
447573
944370
613924
347253
568711
816226
553590
268324
692410
206636
947813
965571
182359
648206
811161
409099
942395
647459
152341
529150
131428
997147
169581
967528
223109
158684
467704
413937
878911
727211
673973
842836
187933
804249
190089
756644
136827
260031
24969
829237
466667
489134
311161
165379
653692
638674
90830
112440
286134
243172
641590
933914
756671
327523
417794
979781
2560
885498
910070
881471
129062
584043
724307
316995
904644
430748
73640
41472
690779
614961
870709
157446
620447
698222
839177
274139
336897
930008
902931
139383
173180
544521
589649
446203
872045
7443
942336
874605
409294
852406
272428
54708
952801
996735
888055
857446
427483
478047
898918
118262
93008
285979
792060
229807
984202
631238
20299
837451
561246
923230
976834
250778
467752
566483
213333
856149
90278
155670
730754
499572
524428
3182
554280
993582
516269
442336
851028
460104
920383
266298
94718
529744
68629
886778
759551
569183
34368
296202
406634
111966
219433
899820
879096
687185
982655
92430
59686
72934
764452
306792
572506
288880
826326
643139
282462
342595
601827
649842
319051
38562
432492
413769
84658
17474
816899
360562
586657
367620
656764
509644
479586
876197
409464
358683
79734
392120
967465
139420
981406
731917
446212
70264
537149
272538
229755
335964
131485
831582
985806
450536
386497
934651
380657
987507
952125
197557
348069
55134
565177
4834
564778
44763
397383
490595
919798
477118
399067
887263
132890
380473
135532
95455
967089
672682
884345
196845
524998
15831
544779
510804
982719
931276
961807
363377
918784
913932
77286
783205
969067
642463
788039
50197
203578
701775
57144
639729
178893
972563
43344
828135
869388
178877
923590
836478
367911
807936
33323
892909
340119
578102
920065
839190
25731
881873
202567
460867
312157
796205
760424
797576
438668
64816
364126
158599
766591
421270
314680
461836
393834
358024
289971
263222
53253
729914
616052
421164
54202
649375
830425
394321
743830
266843
233511
285913
148716
952431
263132
977225
748636
23556
291154
703657
88372
655280
378608
854963
76550
693288
316799
986736
567664
123123
766311
620918
853037
382363
558434
907239
548091
388860
817912
808273
655703
567775
94186
320771
36558
873670
814348
785195
897226
105502
5204
501951
760782
900164
873266
353685
593452
706418
856773
161116
829541
623084
782034
198930
521800
856821
622521
69891
245681
440433
878164
417736
8208
488702
254859
44767
362372
69207
346314
775950
174710
867870
277901
451844
768034
151168
805529
361486
857586
178655
38954
203479
318091
337341
402409
839891
194162
24930
426134
956195
981715
820650
373931
989923
309352
145142
551042
188076
214349
413708
964027
905411
281578
758280
357256
49612
909448
679137
927450
283386
857792
482757
486865
175884
820098
405626
532127
530612
946908
958262
486807
928623
295264
377090
434899
120969
522232
985941
309045
252933
399650
789424
158345
681228
547705
515601
247193
973505
711090
174643
773244
85235
173752
776461
777471
993850
182088
309598
40814
645348
784212
43973
573972
79477
937415
8871
200446
975999
994812
25843
228933
910814
331620
387278
108395
879325
419231
355588
369182
646673
46583
142426
731908
220336
918888
509379
730538
617328
335330
771353
262676
119542
331678
353000
715371
269094
361871
432169
245093
873036
974365
474026
783850
305985
377656
892245
185310
313239
247833
70844
959913
810769
213271
208173
31105
648511
717553
761643
782191
569235
49348
44867
688777
381027
397868
920501
650121
276091
869022
411566
149127
843387
401945
449330
149372
295953
341575
851034
609193
105761
921879
85458
916530
135150
809983
463987
300013
43888
741982
82204
613123
791331
643423
818253
172358
557643
738754
338831
833735
124128
750397
499214
967516
152342
948544
116888
964648
806472
967923
573841
428585
889802
175651
345115
541304
501986
325454
357669
545875
67436
439873
158998
858767
599648
493603
547477
157292
748709
402660
507379
872838
153058
6593
840354
821752
471490
957242
786400
277962
441517
876593
706547
331319
568596
568014
388975
70583
893468
746644
132810
477256
702869
291808
336024
302518
301764
399853
976162
50473
802514
483541
923311
471924
6486
280017
810028
477976
237260
112781
272290
195129
989374
495189
42801
74323
63203
431776
661258
473023
178421
794068
950280
881290
602228
802656
700160
903992
718861
676322
954466
521375
676215
394129
509651
682702
674147
319680
677030
427759
432461
465673
622888
938187
960862
665689
528862
540418
613818
190120
529793
792239
500540
480073
189881
102769
799081
890042
6761
34295
82716
477579
72022
758932
871709
581674
441634
62208
901354
635016
489967
850167
100689
629207
304706
577904
811249
833569
118322
425067
540041
648115
733658
40582
644541
439891
143351
959974
846285
666464
994269
929002
660396
66292
687934
48457
164318
645920
110665
582024
797288
116984
432191
414330
262543
736897
992234
73792
86818
626908
15211
626860
791375
748869
667442
435916
705113
327145
912243
551398
509961
422864
480400
170357
489156
684686
218814
169826
846958
845831
751850
644247
962815
184041
58577
225359
437291
567163
815503
524109
194071
347067
667321
985446
612288
851115
937715
317401
178260
849958
868800
204574
272822
865552
374931
278331
66591
593746
448157
913549
439577
200008
74148
918745
900401
132725
660456
854044
216240
992311
894506
410311
339378
561827
912110
951667
412943
849825
269068
107555
216135
654220
312129
5309
36125
203413
283640
102716
797159
248150
532617
753088
964510
606766
188185
864911
255843
848641
718956
472084
840953
613462
398747
180331
691641
310857
648350
620936
677034
917419
728492
893169
87991
556973
414831
124116
760386
698471
226832
73897
462973
275802
343338
427483
882568
531523
808747
654763
380165
527703
126847
737470
657517
525595
434153
349158
352804
82504
970095
29839
999923
214939
439360
87914
288264
370543
728383
565003
69015
471567
638900
48340
747369
982238
475824
146289
513762
284571
801053
410279
328626
927900
147749
502495
969847
581902
851653
839004
180758
338100
385195
180681
69391
340907
784948
357656
711451
29683
922659
296818
501250
77911
345158
248620
60150
337334
911261
90264
138257
712314
16895
466883
156567
164644
969378
126414
262898
337384
481770
443657
191836
866965
140690
261228
207873
441990
135236
919324
988025
574247
216142
489276
168510
77652
254248
745012
414987
165509
835276
553244
394176
852171
536480
550743
533167
505858
193509
312418
359594
675280
272427
551431
542245
929469
329011
266470
371460
980599
185794
875837
71198
918288
365113
239708
995941
135713
501073
410928
301223
852701
480524
695399
221225
17004
762494
754392
39215
956003
583162
915161
631283
855589
466592
689881
785059
311955
956351
672871
808906
142146
548708
396456
576786
430174
152517
572727
565887
653590
500007
383462
506291
980532
595213
727516
513888
357707
998261
69455
313711
581423
984617
461346
953365
967561
151227
738424
279517
107579
927647
604775
766077
476355
1232
342863
422881
670101
915591
988769
323691
931950
372231
346334
428834
967445
73851
942723
325152
588464
12178
155215
686239
996795
616562
639604
964357
767789
894380
760226
391720
822027
881353
157797
814735
882585
500661
237616
69038
932604
742737
392729
864554
114969
739064
293389
598766
329267
752464
440270
917731
280994
595486
603970
277790
728400
759927
758499
12541
654307
35077
404262
476335
916430
78411
807422
315368
579072
561390
384406
511676
304128
293488
892583
935449
32552
185972
534215
878171
454788
974485
312254
735782
86323
432576
529924
331075
192503
804775
343617
846811
839852
264231
839498
272635
342642
163272
104355
438067
724662
5113
949743
28790
298601
358678
964239
847505
61002
498454
725676
515790
989292
554282
251573
591967
986859
297849
439395
179362
102625
299364
542525
458829
563595
898375
247816
422589
61647
352171
860656
786310
357285
326752
331452
655886
685430
295692
19744
746433
310498
261772
778575
816142
816055
30148
924462
802914
844350
363857
498628
946975
663221
557506
922156
743168
455881
169973
682109
33881
38496
542766
820191
395781
385870
151643
568020
587652
963687
104116
334085
274186
365888
112661
606680
181943
659161
531142
984857
503511
894999
999838
966838
74572
557344
405347
334092
529577
91672
16202
563458
130168
558968
383649
42302
461190
51645
126674
48842
531684
230790
382928
322222
596678
11941
928903
778622
187454
460045
279831
207318
871397
279669
690508
462321
353365
95855
796414
882943
703879
812616
446401
834048
887936
346403
392702
349126
914400
519376
397968
446084
266518
297248
768307
863196
825541
213562
158170
529348
189959
438002
736666
61356
234023
427174
40030
587389
39382
836444
986684
259613
165412
949437
610013
53348
295840
2715
918826
726592
38443
833146
689029
304961
646747
973688
684510
472288
187250
842680
1636
377209
280682
254654
954918
31058
198181
511300
618447
753915
347744
121483
13528
29508
70920
623542
82856
883113
142609
518034
609705
181053
351180
815086
2366
997927
788774
686876
986568
492376
529557
504556
869586
326591
759211
340856
874001
957392
852156
8800
711307
716252
130283
241187
745760
201204
864729
344968
84317
7339
379354
210374
704744
730534
541813
707110
244814
330587
910339
231382
822964
956248
735938
208902
799191
11501
66110
673193
485245
918266
681993
712904
150870
328629
954092
896630
529833
335173
757950
130502
858864
137304
857228
563608
384190
399041
787071
629004
245981
213762
376738
585297
170010
629029
310551
485553
640530
376661
158746
125776
294927
357092
838680
445797
685721
309124
858779
731906
644298
133081
378760
503162
270385
752340
66771
654575
667734
370194
799932
913715
583956
176670
15364
270318
322051
325915
755871
962582
702576
914618
604710
513855
788062
959742
476004
990135
268867
334783
238393
913165
984216
617153
932679
254601
885845
999450
425528
553579
885996
741812
983646
469952
434835
999010
256622
756886
324925
12494
235820
543853
443464
356882
57708
231526
832977
533712
738013
618196
384847
976406
47713
885415
109911
980392
656368
995756
496195
598249
549336
382191
340061
49334
368496
291248
48345
625118
48135
889622
637612
800307
949828
81076
673542
7536
828954
506519
57601
566967
124715
958800
59725
172428
844216
169636
152820
500584
165393
649015
98833
231081
547559
955247
280415
916055
246495
845112
57525
810982
734735
211490
127642
684563
808918
801184
208451
637873
824055
782404
721192
465122
741205
780918
637550
101773
950554
306722
118709
632299
472090
733895
863380
19649
205494
143796
452056
451989
988908
509581
779324
239995
237423
423318
440910
46342
740854
649362
200567
564909
431766
921759
546383
689323
219029
183933
307448
169584
7007
426158
318235
479097
160053
181616
498746
365547
841764
467154
333888
347024
493088
629564
103372
730511
569234
544282
776853
310088
709996
977420
391349
658115
415532
937732
347438
634561
638017
654887
320497
645025
597397
638733
124122
757450
820349
139221
639349
178465
122727
489589
525489
615815
635506
628861
862679
204740
689496
639532
31181
399492
133305
422530
57607
548837
876615
405046
699750
30984
576285
20248
676009
173682
175333
316484
447484
512034
972057
603185
690499
94784
609126
732340
226952
244632
877554
89631
449373
567050
245515
996906
966542
378820
935788
24150
444009
812403
945548
143760
359740
38185
680360
35749
728219
855693
868585
692055
367727
356994
295240
574578
451779
904366
306918
678731
665351
184472
284714
631076
751522
530229
627982
234417
909050
563770
774919
869411
892526
236819
529523
252266
275004
209883
804367
519575
581928
672953
211630
949655
29947
23222
524233
998078
443940
347504
193161
109291
531976
477875
740367
799851
8105
368349
34268
433507
448472
325539
819270
340998
562358
348794
593264
353714
558677
397631
389641
140606
586936
601271
606613
616884
140845
647199
614962
584785
511055
324476
210429
43031
802351
950796
359234
326808
835498
909854
276667
283970
235393
95938
624968
314103
444732
218232
667817
519761
132215
57458
176719
719152
175081
299685
336036
315926
946884
467350
417064
457939
308178
627493
17322
110530
94641
892909
953690
930139
802763
230358
730461
38157
842648
871781
868612
287380
90013
536430
807141
738581
110240
983861
457733
801674
283546
310121
633952
746782
293823
51016
721073
602002
194861
254747
228884
289503
147656
698926
735994
950420
445636
982808
504929
288284
854589
373541
575664
460955
426323
899158
199536
52916
399371
657269
854590
682917
483742
488542
946051
293917
55911
183476
895919
250772
438223
641155
56627
585880
340082
308974
52652
785718
291782
73933
74003
146371
963826
166019
607326
390150
65177
806862
443066
464548
980483
814008
663817
980577
302550
126220
274495
358461
309696
686766
125586
747920
327922
182213
850152
184356
491187
419156
486426
782969
493089
76781
929341
973267
242801
53019
363417
824330
376234
322835
805231
356717
653195
985400
853647
955746
111621
128142
830559
937669
814908
956145
201941
659182
654711
568445
843538
145898
987601
846317
445220
997042
923098
890913
970310
682251
460284
850079
506582
836518
172915
828165
193236
826110
813565
563235
298208
441538
691377
645120
895560
22637
117617
97501
681820
772328
665947
41710
434579
653548
404379
396151
650591
327478
287064
137253
9729
747348
987332
32663
100219
160247
377180
809807
502710
707098
373042
317270
148636
64419
962390
44196
87056
80008
658050
285228
368688
323997
843291
803267
493897
247670
199418
660840
91500
2834
798093
101230
266535
785426
650245
366754
462025
543778
176561
481087
250876
549603
798358
915864
130374
277100
476413
733782
873460
134463
535363
242149
974812
378654
561768
468709
142676
277539
129550
234177
280373
443995
851759
63260
745773
18356
946366
207799
562134
639279
205238
813010
705234
519948
728875
835608
797049
205288
85743
670509
856103
621106
912658
830915
516112
474427
299624
658788
751966
945526
892965
548691
905874
744724
128304
651647
763081
74670
375798
325215
713950
581037
654578
419184
100985
383453
771145
898034
105093
856888
84896
961196
477994
513906
792111
994106
988333
608087
169246
256651
69966
62212
321695
975840
323288
449999
627487
602721
524669
3286
444289
754971
100675
98867
690508
201660
998672
461653
616047
103765
318541
700943
581313
312887
214849
889776
823345
719535
497863
992591
492538
567829
571155
814233
543669
894444
264232
687509
497165
305254
690795
457806
576577
307822
556673
267085
509482
71697
728738
641881
691814
563631
342824
273127
392870
74026
162903
216215
309913
177119
725159
802451
261300
296314
616685
804970
190758
880917
8831
204276
702523
699626
662082
279101
523800
735108
546186
33282
806805
791277
675164
14972
871260
534340
288099
264131
124718
967355
996698
434631
660826
721857
237083
922126
18172
853768
727096
725282
251037
735927
445910
469913
951905
107993
265366
475705
359453
811552
25340
682610
119181
216856
697582
506794
267548
502034
770925
392267
985741
283975
826898
646567
5833
580333
568693
24005
950453
812142
265639
717843
64421
711550
187756
532679
335895
453122
524736
695348
781026
550076
894310
416560
283284
108245
923354
550833
126631
210631
943100
112372
494606
286350
758939
16791
383036
843984
40796
333489
656126
822788
567684
236900
534338
271792
769579
870233
724914
294315
81933
22293
844392
492595
955205
644028
600840
878559
194861
243823
605542
654313
356195
100148
457016
631486
116940
840052
991823
674088
689893
647949
496876
257578
884849
547566
45722
170780
417799
286989
465096
16084
309282
825840
508680
264487
469868
625872
659398
664730
869696
264940
835395
742243
881440
292411
373730
514732
648815
365553
705173
855061
529854
202049
112639
931056
265968
674713
101836
200119
961702
566932
216204
270984
909124
241236
51823
378993
867108
227573
560075
253156
8865
395470
995400
890306
204234
885482
921390
853049
767387
626563
708110
297241
344965
337101
744649
610933
11815
846486
811052
973517
929770
543608
760854
355247
784844
329029
734240
168305
556603
810667
937813
565468
722489
933213
972126
926723
335047
893517
296125
102434
520080
4235
916028
865045
857689
660677
992330
385856
23515
803383
875725
469638
346991
152931
824885
648188
481961
75477
332845
554916
886144
270658
636736
608633
720224
608863
51709
55271
502380
347834
674058
538812
868421
590086
920210
726110
767115
912540
628318
790631
232275
504044
776621
95619
656975
601506
743807
655288
193335
76652
210204
79479
863662
846941
204464
583886
972156
256173
155510
990888
604007
829568
529700
472429
936006
966262
714891
703121
878803
859562
10104
111078
363606
786725
206697
536933
904583
466856
708574
614270
59860
435130
210101
923523
282071
414566
23761
770579
187091
179271
761467
307451
525191
807520
296232
461197
773782
527475
680671
652585
387037
207127
280016
750643
510205
3065
803929
414788
469922
512503
545411
46134
947633
755512
486009
746057
170078
509771
32988
873522
205394
794456
180973
246938
601976
993557
224487
375758
521032
905158
544696
908070
628638
824712
175065
138843
827777
978994
69983
814051
7849
615394
860186
471835
370907
862547
734244
57337
372318
767232
930859
94065
561688
628184
341003
680016
138093
81842
572127
659126
987001
116823
567196
131991
941535
258613
270834
285664
753960
340817
99716
761809
472564
476254
749996
843471
338801
484240
417160
227472
767825
864372
321537
845865
8908
178892
525882
147002
260734
98009
806128
764087
214832
889676
896078
672719
148289
683264
958383
902249
540434
574451
180411
12998
567057
930407
372821
422211
931000
789981
649683
698825
170705
487572
544690
179614
182816
586924
326616
443550
684933
649096
723990
416117
55124
136420
605188
203413
336037
79924
622015
876471
654375
318778
405821
737785
765537
778642
159996
696537
84975
326031
911714
255681
813603
972757
951647
996419
559681
794615
956321
760967
443711
196663
693436
498835
333084
298625
218600
669121
378549
356967
61944
549276
675745
467765
803413
441283
246407
963409
654172
847734
805792
565887
619767
619395
538644
571414
132166
614677
366029
604840
375644
326092
801503
585433
341279
650939
884058
76232
836412
778959
949551
898356
844587
625297
882473
648001
582932
645232
127762
237104
492967
933555
319343
112734
69302
374339
200501
717821
505369
82882
322661
397365
925327
640516
982798
266606
291456
383208
859190
644220
678519
808742
58929
523107
434039
941402
687460
533323
586635
331574
286779
79602
265129
122475
708688
850784
496814
425541
568605
2183
508424
891266
399549
433751
531782
898699
216709
339590
281908
75900
983811
960427
884642
42740
999886
835033
500494
687346
884708
87129
18921
171487
683083
800402
810314
391772
651186
823481
333665
736143
825664
842089
627409
741565
792192
675544
640265
8902
531486
438525
601154
31649
398952
2148
590741
398839
837181
91236
602537
238241
178365
137810
926080
861449
938213
736395
769573
105751
559876
619590
841895
901892
461680
985656
159810
770224
177552
316427
295478
709039
754952
896632
257040
670256
415132
847782
585447
768665
939018
187985
6906
633735
842147
932987
11536
780360
185734
297461
402464
745610
917052
244359
163854
895084
746367
323664
665308
440272
640091
477139
665663
911395
890123
922703
98004
305256
770485
683451
73921
225855
387788
597180
375943
229936
530167
903831
526648
715901
201293
929112
977863
118345
689823
141717
529781
952543
981734
711441
392815
138177
188580
58478
49573
78704
981181
147577
900312
268019
347380
974233
10226
735169
87765
902521
481457
617932
806353
8105
850185
7646
453570
344400
642343
143393
2470
688476
95936
984204
399917
488751
122381
104850
63581
171954
699906
561115
835883
600218
345486
183264
90803
355712
434785
178569
258234
916242
312853
580939
440699
163039
588585
894269
23791
747280
554015
26261
435756
649951
10465
352025
655055
132847
456875
234988
821153
156781
796103
173389
756999
141589
873005
364155
13654
307790
542724
788240
740384
855577
369179
697435
534968
474116
591705
558760
221396
145720
101373
173504
312023
111839
525529
967078
761038
982405
718419
98543
655538
514522
271932
928890
656112
661289
293045
669766
969079
352121
458006
225815
724050
827185
923251
259019
301301
31308
334131
39049
693380
951856
212553
5403
63695
254434
488834
341085
753191
207253
955981
408730
721775
744265
853972
894239
405555
147017
564005
890986
499138
538363
116802
223188
881900
556405
998559
699553
104065
849042
254954
797445
317251
983859
802848
380946
238294
291682
238384
507837
15287
194365
916567
737063
938630
770539
147654
860537
433908
228012
751524
449398
766375
384678
188939
164628
941083
703850
380533
45148
69245
635488
358945
386496
619347
161793
283794
373993
969828
522178
881831
985115
232895
314750
238530
687878
85290
386185
548415
35550
614197
299939
484949
896924
684617
673888
577904
142052
377738
958438
703552
963335
593926
62497
349831
213273
224291
633626
103619
710471
155804
985450
695586
905052
300200
450469
592930
901842
353006
141345
937393
967203
441285
938694
380479
642254
612582
958384
784307
506672
916822
487859
986360
27100
66709
336191
756725
291000
969817
860344
517823
641974
845794
213409
547026
145995
180230
656308
564189
533236
797653
501582
16791
755290
956628
397271
397545
85562
872007
698204
108587
305181
186063
94947
332281
252772
431138
89006
60124
917308
949351
577947
559282
311497
307709
622660
973844
4291
278968
538034
537528
592973
555968
554319
348264
512597
467942
262161
598159
339949
960365
706746
645130
662780
801693
493763
431905
749184
582770
8381
666492
48473
586329
742126
876322
410390
364786
850167
414681
160106
904553
468561
269431
976873
22881
134047
5822
7175
912560
603982
347125
872925
827080
508607
52058
145126
2371
483963
894310
101493
492344
77154
666318
595025
819280
542640
521767
700418
909159
936449
376876
330064
921362
162659
306938
944243
296707
312760
467771
209267
433094
331248
598545
776527
839855
650603
438005
358578
650918
848667
976423
143262
925821
642741
254640
261453
185382
776407
478223
610893
229208
855099
940958
150571
17758
764248
611166
830817
593360
78937
556437
542807
410185
154982
319334
766393
805585
273691
641323
972855
122358
617747
116117
564531
776840
887109
825984
478574
179869
304207
89468
925429
675658
546778
76000
209768
311026
203519
40586
904386
798808
597023
447193
725346
268357
282879
8091
590294
556570
649414
563149
195280
783513
195618
759811
560354
82728
102147
555280
778949
922706
644748
704378
598364
191526
296731
324485
18904
16602
881423
439643
815410
478446
886836
540756
263155
686068
65199
853449
758990
714614
416598
954271
14479
612216
230434
91185
211296
332582
646466
990245
255288
807566
210976
370005
515445
507707
694490
534349
524309
575913
973992
856071
570711
377181
913180
833866
579601
978379
687315
338591
209345
620265
809214
223825
748833
39649
831362
960130
372231
477828
466727
143871
285395
194055
513876
800840
701762
208366
851541
742423
300631
341886
598495
871342
719067
511675
221560
298668
6406
425227
153611
215752
45492
962826
955929
310678
518827
787291
787160
407410
781472
253887
551281
66867
447943
581510
384059
666057
306228
751952
924833
606860
93838
523328
994554
812905
551355
216115
627925
74113
641342
297889
289865
203187
777067
245794
513865
812246
549438
301025
219656
330910
71264
770937
914129
35559
868799
298188
701617
175028
566492
626450
781888
660331
666130
776442
989588
733837
508909
133866
807950
150252
948107
614168
353439
725174
859962
383656
537420
925752
684681
273428
256662
272297
560717
170791
307857
429517
985331
9474
604545
551824
152276
902785
212155
818406
195579
718095
68595
704489
851961
876545
854741
800068
490713
724532
41594
867028
108188
95366
792780
309221
368794
565795
581518
929512
736586
889375
359029
238270
415201
479926
790094
567477
382711
518601
902235
578290
236696
970830
282779
605010
847376
137520
921430
854441
378404
963025
237821
2944
58391
30602
312165
943538
112749
410036
873050
849335
815763
