23
382
1156
1177
1232
1279
1437
1530
1636
1666
1679
2009
2054
2088
2098
2148
2165
2183
2277
2340
2366
2371
2470
2551
2560
2607
2715
2834
2944
2989
3065
3182
3245
3277
3286
3322
3360
3975
4012
4034
4094
4235
4284
4291
4313
4359
4406
4427
4438
4658
4834
5113
5204
5286
5304
5309
5403
5498
5786
5822
5833
6001
6094
6233
6320
6357
6406
6463
6486
6593
6631
6633
6761
6801
6906
6921
7007
7009
7175
7302
7339
7385
7443
7460
7536
7646
7725
7849
7850
8091
8105
8105
8108
8208
8381
8442
8742
8800
8831
8865
8871
8902
8908
9063
9097
9474
9491
9601
9729
9767
9884
10007
10052
10062
10104
10138
10160
10179
10200
10226
10250
10460
10465
10567
10659
10724
10862
10951
10971
10975
10980
11028
11170
11399
11490
11501
11536
11607
11698
11767
11815
11842
11899
11941
12018
12178
12217
12268
12373
12494
12541
12769
12927
12998
13117
13146
13229
13528
13654
13711
13818
13914
13981
14118
14126
14228
14299
14479
14677
14738
14795
14972
15000
15208
15211
15287
15364
15600
15831
16061
16084
16194
16202
16367
16436
16455
16455
16602
16627
16780
16791
16791
16895
17004
17035
17322
17474
17497
17515
17607
17758
17789
18082
18166
18172
18179
18198
18356
18732
18777
18804
18904
18921
19052
19237
19270
19393
19437
19644
19649
19673
19744
19780
19859
19953
20248
20266
20299
20324
20492
20519
20806
20979
21242
21483
21593
21660
21995
22068
22074
22293
22341
22356
22370
22410
22637
22673
22748
22798
22880
22881
22929
22990
23038
23119
23160
23196
23222
23238
23495
23515
23556
23595
23761
23791
24005
24150
24346
24523
24587
24707
24823
24832
24867
24930
24969
25006
25086
25112
25181
25219
25228
25231
25340
25368
25618
25678
25691
25731
25774
25843
25861
26061
26180
26184
26261
26451
26815
26889
26912
26970
27100
27273
27557
27744
28236
28262
28479
28541
28790
28929
28998
29323
29401
29413
29448
29491
29508
29511
29683
29719
29839
29947
30148
30160
30279
30602
30654
30899
30984
30986
31058
31064
31105
31181
31308
31646
31649
31694
31766
31773
31890
32552
32663
32988
33282
33323
33414
33671
33881
34055
34144
34268
34295
34368
34370
34815
34879
35077
35143
35187
35376
35550
35559
35608
35741
35749
35764
35922
35964
36125
36163
36312
36558
36563
36651
36694
36703
36843
36943
37129
37169
37704
37795
37973
37998
38088
38157
38185
38190
38432
38443
38496
38562
38606
38660
38702
38847
38954
39049
39215
39325
39370
39382
39476
39649
39891
40030
40176
40366
40522
40582
40586
40603
40618
40796
40814
40865
41078
41083
41217
41470
41472
41512
41513
41594
41710
41841
41860
41891
42302
42504
42567
42740
42801
42967
43031
43049
43290
43312
43344
43403
43479
43630
43810
43832
43881
43888
43891
43973
44196
44529
44533
44763
44767
44867
44873
44886
44932
44950
45072
45148
45288
45492
45613
45619
45640
45700
45722
46012
46134
46212
46342
46446
46496
46583
46727
46739
46756
46806
46826
47230
47392
47618
47713
47870
48123
48135
48209
48245
48340
48341
48345
48346
48457
48473
48589
48617
48842
48850
48901
49044
49092
49191
49327
49334
49348
49392
49514
49573
49597
49612
49683
49712
49735
49757
49948
50001
50197
50224
50264
50264
50345
50473
50520
50613
50707
50716
50782
51016
51399
51579
51582
51632
51636
51645
51709
51823
51823
51843
52000
52037
52058
52104
52118
52153
52436
52441
52548
52652
52690
52841
52916
53019
53049
53067
53253
53312
53348
53448
53547
53596
53610
53803
54009
54129
54184
54202
54708
54750
54883
55124
55134
55209
55226
55271
55493
55500
55597
55697
55710
55754
55911
56316
56325
56341
56438
56627
56835
56923
56961
57144
57267
57325
57337
57360
57395
57458
57466
57493
57525
57565
57601
57607
57708
57709
57751
58382
58391
58450
58478
58577
58704
58929
58940
58993
59338
59417
59571
59632
59635
59686
59717
59725
59764
59787
59860
59910
60102
60124
60150
60368
60495
60621
60969
61002
61021
61181
61251
61262
61356
61609
61616
61647
61781
61797
61818
61907
61944
61982
61996
62041
62208
62212
62427
62497
62590
62717
62781
62916
63085
63092
63203
63252
63260
63448
63457
63581
63695
63836
63858
63954
64148
64412
64419
64421
64563
64816
64977
64989
65058
65123
65177
65199
65277
65349
65455
65466
65476
65746
65945
66110
66257
66292
66487
66591
66709
66771
66774
66811
66867
66947
67320
67332
67349
67436
67444
67621
67877
67972
68006
68012
68180
68240
68380
68498
68501
68595
68629
68682
68694
68710
68977
69015
69038
69207
69212
69245
69302
69391
69455
69543
69587
69657
69891
69966
69983
70049
70220
70264
70396
70402
70583
70676
70844
70920
70957
70967
71066
71082
71198
71264
71454
71526
71697
71721
71801
71977
72022
72029
72056
72183
72330
72825
72835
72934
73000
73054
73107
73274
73303
73307
73321
73399
73640
73792
73829
73851
73854
73897
73921
73933
74003
74012
74026
74113
74148
74261
74323
74460
74572
74670
74674
75169
75272
75477
75721
75776
75874
75900
76000
76125
76207
76232
76419
76550
76652
76781
77008
77032
77154
77237
77286
77380
77478
77652
77721
77810
77821
77911
78226
78411
78605
78658
78704
78937
78964
79048
79118
79180
79439
79477
79479
79602
79728
79734
79788
79860
79878
79924
80008
80060
80184
80455
80624
80809
80992
81030
81076
81411
81627
81633
81666
81728
81842
81909
81933
82091
82117
82149
82204
82504
82677
82705
82716
82728
82856
82882
83293
83577
83698
83730
83789
83952
84047
84073
84198
84217
84317
84352
84392
84555
84658
84809
84896
84927
84975
85235
85290
85458
85562
85593
85614
85682
85743
85864
86138
86275
86321
86323
86422
86818
86860
86904
87056
87091
87129
87364
87724
87765
87860
87914
87922
87991
88372
88447
88618
88668
89006
89361
89420
89468
89575
89631
89633
89686
89933
90013
90063
90082
90264
90278
90565
90636
90803
90830
90847
90891
90910
91185
91236
91448
91451
91480
91500
91672
91765
91821
92103
92109
92315
92407
92423
92430
92478
92747
92984
93008
93252
93281
93334
93627
93824
93838
93907
94065
94066
94097
94186
94279
94389
94495
94606
94641
94718
94784
94834
94947
95045
95301
95366
95455
95473
95541
95619
95792
95810
95855
95918
95936
95938
96245
96257
96447
96519
96762
96771
96846
96909
96917
97112
97121
97282
97501
97585
97810
97926
97947
98004
98009
98325
98515
98543
98640
98766
98833
98867
98876
98948
99266
99365
99558
99610
99716
99899
100061
100084
100148
100165
100219
100324
100460
100474
100566
100675
100689
100689
100798
100822
100985
101064
101114
101170
101230
101298
101373
101426
101493
101544
101564
101657
101773
101836
101876
102020
102147
102178
102181
102357
102434
102602
102625
102716
102769
102961
102983
103121
103153
103372
103619
103683
103765
103901
104065
104068
104116
104247
104355
104700
104748
104850
104952
104960
105071
105093
105143
105293
105502
105524
105682
105709
105751
105761
105907
105999
106015
106021
106171
106256
106311
106380
106576
106579
106629
106832
106854
106910
107263
107494
107530
107555
107579
107594
107715
107853
107898
107993
108154
108188
108245
108395
108436
108446
108587
108606
108627
108655
108771
108831
108990
109024
109291
109911
109912
109966
109970
110071
110240
110382
110445
110470
110530
110665
110702
110800
110877
111078
111301
111335
111443
111450
111621
111638
111750
111839
111966
112082
112195
112257
112316
112339
112372
112421
112440
112540
112639
112661
112734
112749
112781
112849
113020
113055
113223
113368
113753
114016
114275
114533
114536
114969
115219
115492
115527
115947
116117
116802
116823
116888
116940
116984
117052
117283
117385
117455
117461
117617
117669
117756
118006
118156
118192
118262
118291
118322
118345
118545
118641
118709
119066
119151
119169
119181
119201
119320
119499
119542
119620
119630
119652
119753
119939
120031
120300
120325
120351
120529
120574
120642
120676
120772
120864
120915
120969
121190
121197
121397
121483
121507
121619
121722
121735
121868
121955
122027
122259
122261
122358
122381
122475
122497
122727
122833
122893
122902
122911
122925
123123
123160
123259
123480
123657
123739
123812
123813
124116
124122
124128
124273
124355
124553
124570
124715
124718
124993
125254
125454
125517
125586
125633
125776
126087
126160
126220
126414
126631
126639
126674
126815
126847
126916
126932
127019
127051
127068
127358
127391
127440
127441
127447
127642
127762
127938
127961
127980
128024
128142
128304
128449
128669
129062
129112
129185
129202
129550
129599
129625
129969
130012
130168
130279
130283
130313
130374
130381
130502
130528
130651
130659
130698
130842
130996
131323
131428
131469
131485
131495
131702
131848
131967
131991
132166
132215
132237
132341
132462
132499
132563
132593
132725
132810
132847
132849
132890
132944
132960
132976
132986
133077
133081
133122
133160
133305
133478
133493
133545
133692
133866
134047
134331
134463
134589
134612
134688
134784
135064
135104
135112
135112
135130
135130
135150
135162
135236
135512
135526
135532
135713
135776
135779
135897
135941
135976
136114
136169
136399
136420
136427
136619
136694
136776
136827
136893
137112
137219
137253
137304
137350
137414
137435
137520
137575
137810
137873
137887
138068
138093
138161
138176
138177
138257
138290
138497
138643
138843
139090
139221
139383
139420
139629
139708
139929
139941
140405
140427
140547
140563
140606
140610
140690
140724
140770
140845
141026
141233
141308
141345
141479
141538
141589
141717
141824
142052
142101
142146
142170
142263
142286
142294
142426
142480
142499
142609
142676
143143
143176
143262
143351
143366
143393
143617
143645
143688
143760
143761
143796
143867
143871
143874
144063
144148
144151
144400
144559
144646
144652
144666
145036
145064
145082
145126
145142
145183
145447
145449
145574
145586
145587
145597
145711
145720
145733
145898
145995
146190
146289
146371
146496
146506
146728
146828
146963
146992
147002
147017
147077
147263
147273
147577
147654
147656
147723
147749
147803
147836
147837
148201
148289
148299
148366
148579
148636
148716
148830
148847
149007
149127
149132
149164
149289
149372
149375
149748
149849
150047
150252
150373
150571
150609
150695
150736
150845
150870
151151
151168
151193
151220
151227
151301
151378
151530
151643
151896
151906
152005
152107
152172
152276
152291
152341
152342
152517
152820
152931
153027
153058
153341
153380
153611
153636
153737
153747
153920
154346
154456
154473
154535
154982
155215
155272
155396
155510
155531
155561
155670
155707
155710
155804
156027
156110
156288
156499
156567
156740
156750
156767
156781
156848
156937
156999
157059
157292
157397
157446
157530
157590
157714
157797
157833
158019
158170
158345
158496
158512
158599
158623
158643
158684
158746
158804
158849
158985
158998
159127
159278
159330
159378
159392
159445
159468
159500
159518
159749
159810
159996
160053
160076
160106
160143
160247
160281
160348
160384
160402
160425
160456
160475
160561
160857
160880
160935
161022
161108
161116
161311
161321
161569
161715
161719
161793
161857
161981
162006
162143
162199
162242
162341
162659
162729
162743
162903
163019
163039
163114
163272
163587
163725
163796
163854
163953
163963
163972
164035
164103
164171
164286
164318
164366
164447
164506
164527
164628
164644
164738
164819
164881
165088
165364
165379
165393
165412
165423
165509
165730
165779
165820
165882
166019
166072
166248
166741
167002
167266
167631
167685
167804
168038
168144
168225
168272
168305
168321
168335
168510
168510
168587
168688
168692
169006
169120
169246
169380
169536
169581
169584
169636
169826
169973
170010
170078
170236
170290
170334
170357
170372
170405
170541
170705
170780
170791
170822
171297
171404
171409
171487
171563
171600
171656
171871
171954
172130
172201
172258
172358
172428
172456
172679
172915
172999
173097
173130
173136
173178
173180
173307
173347
173389
173504
173682
173733
173752
173835
173846
173880
174019
174153
174301
174402
174562
174643
174710
174835
174900
175028
175036
175065
175081
175224
175329
175333
175451
175618
175651
175660
175869
175884
175982
176115
176141
176402
176561
176670
176719
177073
177119
177444
177481
177552
177761
177867
177991
177996
178178
178260
178365
178421
178465
178479
178569
178605
178654
178655
178687
178807
178836
178877
178892
178893
179135
179271
179362
179378
179458
179614
179823
179842
179869
180104
180230
180275
180331
180411
180508
180571
180588
180681
180758
180973
181002
181053
181128
181390
181616
181797
181889
181937
181943
182043
182088
182196
182213
182235
182318
182325
182359
182397
182418
182565
182816
182958
183264
183476
183480
183838
183933
184041
184041
184077
184157
184195
184223
184237
184343
184356
184472
184522
184691
184862
184896
185077
185310
185382
185408
185734
185794
185972
186023
186046
186063
186093
186445
186458
186544
186855
187024
187091
187225
187250
187454
187481
187715
187756
187821
187933
187985
188076
188185
188534
188580
188898
188939
189473
189495
189547
189603
189622
189723
189840
189881
189885
189959
190089
190120
190140
190304
190557
190720
190758
190827
190867
190891
191064
191144
191526
191602
191669
191677
191836
191901
192503
192579
192630
192673
192862
192870
192873
193161
193236
193335
193423
193508
193509
193597
193621
193735
194046
194055
194071
194103
194162
194360
194365
194665
194829
194861
194861
195129
195171
195253
195280
195526
195579
195618
195619
195855
195913
195931
196018
196095
196155
196374
196444
196663
196739
196779
196845
196848
196986
197066
197104
197177
197557
197610
197746
197748
197848
197997
198038
198059
198060
198181
198243
198249
198371
198497
198559
198649
198744
198881
198930
199211
199418
199435
199524
199536
199579
199630
200008
200077
200119
200166
200236
200246
200311
200319
200427
200446
200462
200501
200567
200587
200658
201204
201223
201293
201660
201691
201730
201747
201941
201943
202049
202068
202215
202301
202483
202567
202615
202864
202881
202897
202949
203187
203413
203413
203444
203479
203500
203519
203549
203578
203824
203874
204010
204162
204184
204234
204268
204276
204297
204303
204464
204574
204740
205072
205085
205132
205238
205288
205334
205394
205399
205438
205453
205494
205526
205578
205580
206022
206148
206159
206197
206223
206246
206271
206323
206337
206464
206596
206610
206636
206665
206668
206697
206721
206829
207079
207089
207127
207253
207256
207269
207318
207642
207718
207799
207850
207873
208173
208347
208360
208366
208451
208578
208578
208672
208902
209175
209197
209267
209333
209345
209768
209883
210036
210101
210133
210204
210212
210374
210429
210486
210631
210660
210976
211013
211140
211296
211490
211593
211630
211747
211939
211992
212093
212155
212197
212553
212566
212619
212799
212808
212855
212873
213091
213098
213271
213273
213305
213333
213409
213497
213553
213562
213762
213791
213851
213968
214001
214107
214201
214349
214417
214771
214832
214849
214874
214939
215003
215112
215329
215355
215384
215630
215752
215753
215852
215957
216038
216115
216135
216142
216204
216215
216240
216709
216812
216830
216856
217065
217148
217158
217786
217806
217875
218009
218114
218115
218191
218232
218600
218814
218829
218956
219029
219032
219244
219280
219433
219639
219656
219684
220336
220359
220513
220687
220764
221225
221367
221396
221539
221560
221598
221609
221660
221883
221902
221915
222580
222911
223109
223188
223199
223454
223788
223825
223854
223874
224044
224182
224291
224353
224412
224487
224888
225226
225357
225359
225581
225790
225815
225855
225945
226310
226379
226575
226832
226890
226952
227056
227136
227217
227320
227472
227561
227573
227690
227860
228012
228078
228089
228144
228249
228261
228470
228707
228721
228858
228884
228933
229027
229208
229278
229340
229755
229807
229936
230007
230358
230434
230448
230612
230694
230713
230790
230904
230922
231081
231087
231146
231224
231371
231382
231526
231976
232173
232275
232562
232895
233127
233233
233249
233312
233329
233511
233535
233613
233634
233766
233881
234023
234177
234217
234348
234417
234523
234579
234630
234974
234988
235033
235058
235072
235393
235413
235570
235818
235820
235870
235947
236156
236161
236649
236696
236819
236829
236900
237079
237083
237104
237116
237260
237423
237445
237475
237532
237539
237616
237758
237821
237972
238085
238241
238270
238294
238308
238339
238384
238393
238530
239090
239428
239708
239847
239908
239995
240124
240206
240240
240268
240474
240598
240849
241114
241116
241187
241230
241236
241240
241263
241416
241525
241705
241807
241969
242149
242373
242636
242801
243036
243172
243336
243406
243659
243698
243720
243823
243872
244008
244108
244359
244511
244583
244632
244687
244692
244743
244750
244814
244921
245081
245093
245098
245257
245406
245515
245549
245681
245709
245794
245836
245949
245981
246133
246352
246407
246429
246494
246495
246705
246849
246938
247174
247193
247226
247355
247465
247532
247670
247769
247816
247833
247979
248150
248620
249122
249145
249258
249374
249622
250178
250404
250772
250778
250832
250842
250876
250876
250976
251012
251037
251105
251151
251215
251338
251374
251492
251519
251573
251818
252005
252089
252266
252277
252292
252425
252432
252446
252456
252735
252738
252772
252933
253079
253156
253174
253398
253420
253476
253509
253700
253782
253795
253887
254110
254208
254248
254434
254601
254640
254654
254672
254747
254788
254859
254954
255018
255031
255092
255156
255184
255288
255388
255489
255681
255777
255843
256075
256173
256183
256401
256404
256476
256504
256511
256622
256651
256662
256666
256689
256695
256712
256962
257040
257049
257051
257578
257745
257870
257958
257997
258217
258234
258243
258265
258613
258743
258745
258865
258889
259019
259163
259194
259507
259536
259602
259613
259760
259763
259966
260031
260099
260114
260161
260164
260166
260342
260734
261075
261117
261228
261300
261453
261574
261636
261772
262068
262152
262161
262434
262543
262676
262719
262732
262897
262898
262929
263132
263155
263222
263731
263973
263982
264095
264131
264231
264232
264487
264761
264797
264801
264829
264940
265129
265166
265182
265229
265366
265485
265639
265712
265775
265952
265968
266051
266298
266410
266470
266472
266518
266535
266581
266606
266669
266700
266843
267045
267085
267338
267363
267401
267463
267548
267621
267704
267745
268019
268021
268324
268327
268357
268551
268659
268823
268832
268867
268991
269023
269049
269068
269094
269431
269748
269894
270212
270318
270385
270482
270548
270658
270697
270730
270763
270834
270984
271025
271232
271387
271415
271561
271646
271792
271839
271860
271932
272290
272297
272427
272428
272434
272538
272588
272635
272809
272822
272978
272990
273120
273127
273280
273286
273329
273399
273428
273691
273788
273805
273973
274139
274167
274186
274215
274297
274311
274376
274454
274485
274495
274949
275004
275662
275684
275722
275766
275802
276091
276120
276426
276625
276667
276701
276743
276761
277002
277027
277100
277192
277463
277539
277573
277596
277615
277790
277901
277962
278298
278331
278408
278639
278697
278735
278968
279101
279210
279239
279267
279489
279517
279669
279831
279929
280016
280017
280100
280373
280415
280475
280588
280682
280709
280994
281052
281088
281150
281194
281448
281562
281578
281652
281730
281730
281795
281884
281908
282028
282039
282071
282224
282225
282231
282334
282462
282779
282803
282879
282977
283041
283100
283114
283282
283284
283313
283322
283386
283437
283546
283640
283714
283750
283794
283946
283970
283975
283990
284012
284043
284072
284287
284571
284651
284714
285228
285395
285485
285526
285580
285664
285672
285913
285979
286033
286042
286134
286235
286350
286387
286401
286525
286561
286779
286795
286873
286989
287064
287297
287380
287698
287771
288096
288099
288264
288284
288302
288374
288558
288590
288729
288813
288834
288880
289025
289226
289295
289473
289503
289595
289796
289865
289889
289971
290023
290580
290791
290905
290951
290958
291000
291154
291248
291456
291682
291738
291746
291782
291808
291899
292303
292379
292411
292569
292628
292867
293045
293185
293215
293233
293328
293389
293393
293424
293488
293647
293691
293823
293831
293917
294044
294177
294315
294506
294522
294714
294750
294910
294913
294927
294967
295191
295240
295264
295478
295564
295692
295727
295751
295840
295953
296039
296117
296125
296140
296202
296217
296232
296301
296314
296462
296506
296707
296718
296731
296818
296964
297028
297058
297092
297197
297241
297246
297248
297288
297307
297461
297780
297849
297889
298037
298182
298188
298208
298444
298515
298550
298601
298625
298668
298926
298928
299065
299364
299624
299685
299717
299793
299815
299939
299972
300013
300200
300377
300456
300561
300631
300660
300694
300906
301025
301223
301276
301290
301301
301715
301738
301764
301954
302012
302328
302440
302450
302518
302550
302813
302819
303049
303054
303205
303275
303316
303494
303749
304128
304207
304267
304287
304413
304459
304512
304643
304706
304961
305181
305254
305256
305395
305542
305555
305985
305989
306020
306163
306228
306247
306288
306296
306444
306624
306711
306722
306746
306792
306898
306904
306918
306938
306961
307055
307082
307327
307448
307451
307709
307749
307790
307822
307857
307895
307951
308003
308095
308112
308178
308178
308179
308199
308581
308824
308882
308974
309045
309124
309221
309279
309282
309352
309428
309489
309535
309586
309598
309674
309696
309833
309913
309953
310033
310088
310121
310219
310450
310479
310479
310498
310551
310651
310678
310750
310761
310772
310839
310857
310961
310968
310969
311020
311026
311033
311064
311114
311161
311439
311497
311559
311824
311955
312014
312023
312067
312097
312129
312157
312157
312165
312254
312277
312291
312300
312336
312418
312510
312550
312571
312611
312697
312760
312789
312853
312887
312917
313239
313271
313394
313711
313953
313986
314103
314452
314479
314490
314542
314558
314611
314621
314626
314680
314750
314765
314861
314905
314908
314962
315368
315370
315469
315574
315689
315926
315952
315967
316066
316134
316427
316484
316566
316575
316786
316799
316928
316959
316995
317163
317165
317169
317251
317270
317293
317340
317401
317409
317418
317595
317641
317782
317847
317866
317926
318035
318091
318140
318141
318235
318261
318296
318388
318486
318541
318553
318635
318691
318778
318938
319051
319099
319334
319343
319381
319663
319680
319814
319845
319946
319962
320030
320123
320225
320338
320497
320771
320919
321275
321292
321298
321537
321601
321695
322004
322051
322161
322166
322222
322470
322492
322661
322714
322835
322923
323246
323288
323664
323691
323711
323869
323978
323997
324254
324273
324476
324476
324485
324771
324925
325020
325048
325152
325215
325373
325454
325503
325539
325540
325577
325632
325873
325915
325976
326031
326092
326167
326200
326354
326395
326573
326591
326616
326673
326724
326752
326808
327132
327145
327407
327478
327523
327682
327922
328205
328211
328226
328463
328626
328629
328670
328671
328677
328688
328707
328862
329004
329011
329029
329110
329239
329267
329729
329893
330036
330064
330101
330194
330459
330587
330858
330910
331075
331248
331319
331326
331429
331452
331574
331620
331678
331680
331704
331891
331937
332061
332096
332281
332325
332370
332415
332582
332588
332845
332862
333050
333084
333489
333509
333665
333790
333831
333840
333860
333888
333956
334028
334085
334092
334131
334195
334737
334747
334783
334831
334940
335026
335047
335071
335088
335090
335121
335167
335173
335330
335420
335562
335624
335895
335964
336024
336036
336037
336130
336155
336191
336293
336315
336428
336591
336641
336759
336821
336837
336897
337076
337101
337242
337334
337341
337372
337384
337480
337560
337677
337725
337731
337923
337971
338100
338515
338591
338643
338801
338831
338972
338980
339363
339378
339590
339949
340061
340082
340119
340223
340339
340369
340510
340817
340856
340907
340937
340998
341003
341085
341099
341135
341279
341472
341513
341516
341558
341575
341686
341886
341956
341983
342029
342231
342253
342373
342478
342595
342642
342824
342863
343107
343153
343190
343338
343378
343585
343617
343665
343825
343918
344209
344400
344428
344736
344740
344934
344965
344968
345102
345115
345158
345236
345309
345328
345480
345486
345502
345578
345585
345772
345842
345936
346045
346097
346167
346314
346325
346334
346399
346403
346407
346548
346827
346991
347006
347018
347024
347067
347105
347125
347253
347276
347380
347438
347456
347504
347744
347834
347839
347975
348069
348072
348115
348119
348264
348638
348732
348769
348794
348796
348870
348951
349126
349158
349200
349259
349372
349400
349498
349564
349650
349831
349942
349981
350052
350151
350186
350633
350887
351180
351231
351241
351265
351476
351485
351552
351565
351775
351837
351858
351867
352025
352086
352121
352132
352171
352422
352531
352570
352804
352929
352932
353000
353006
353116
353197
353313
353357
353365
353439
353685
353714
353837
353894
353912
353952
353985
353994
354107
354234
354549
354698
354803
355005
355223
355247
355364
355499
355588
355659
355712
355887
356113
356162
356195
356406
356549
356653
356666
356671
356675
356717
356882
356883
356967
356994
357092
357225
357256
357285
357415
357656
357669
357707
357725
357785
357875
357956
357980
358024
358059
358461
358485
358552
358562
358578
358678
358683
358717
358807
358923
358945
359029
359194
359234
359275
359298
359345
359391
359441
359453
359556
359594
359609
359641
359646
359678
359693
359740
359832
359921
359993
360181
360562
360746
360859
361486
361765
361794
361871
362105
362291
362369
362372
362383
362752
362795
363142
363377
363417
363606
363644
363774
363857
364126
364155
364284
364332
364425
364502
364774
364786
364883
364887
365113
365121
365531
365547
365553
365610
365852
365888
366029
366115
366166
366191
366482
366754
366808
366810
366821
366837
367156
367265
367389
367548
367619
367620
367641
367727
367727
367786
367894
367911
368024
368059
368101
368108
368287
368349
368360
368361
368496
368637
368688
368735
368738
368794
369119
369179
369182
369271
369303
369352
369415
369562
369848
369874
369919
369929
369941
370005
370170
370194
370377
370543
370562
370585
370907
370919
371072
371246
371460
371559
371607
372044
372146
372231
372231
372318
372821
372960
372969
373042
373537
373541
373730
373819
373855
373931
373993
374030
374339
374825
374931
374953
375088
375121
375644
375758
375798
375880
375938
375943
375977
376042
376092
376144
376234
376474
376543
376661
376738
376876
376910
377005
377090
377180
377181
377209
377331
377353
377383
377488
377656
377693
377696
377706
377738
377810
377980
377997
378089
378220
378287
378288
378404
378549
378608
378616
378651
378654
378760
378820
378822
378896
378993
379157
379240
379297
379302
379354
379768
379882
380165
380217
380473
380479
380533
380581
380585
380657
380729
380946
381027
381029
381140
381165
381225
381249
381273
381359
381560
381635
381913
382001
382011
382117
382191
382357
382363
382452
382524
382711
382726
382764
382883
382928
383036
383061
383208
383220
383326
383328
383429
383453
383462
383644
383649
383656
383708
383786
383955
383978
384059
384190
384287
384406
384411
384678
384847
385195
385267
385353
385405
385575
385856
385870
386018
386185
386237
386419
386496
386497
386638
386884
387037
387055
387278
387346
387376
387788
387804
387812
387863
387946
387947
388250
388691
388752
388805
388860
388975
389258
389597
389641
389716
389835
390150
390243
390498
390500
390665
390700
391201
391349
391525
391661
391720
391772
391814
392120
392267
392454
392531
392702
392729
392754
392815
392870
392895
393234
393276
393380
393440
393530
393716
393784
393834
393922
394041
394129
394176
394321
394794
395030
395099
395164
395433
395436
395470
395479
395491
395556
395781
395855
395880
396151
396178
396380
396456
396749
396935
397107
397271
397365
397383
397478
397545
397631
397742
397754
397868
397942
397968
398135
398274
398297
398326
398347
398468
398747
398771
398839
398941
398952
399041
399067
399216
399221
399371
399492
399537
399549
399650
399790
399791
399844
399853
399917
400005
400671
400784
400874
400905
400995
401293
401337
401531
401545
401847
401851
401871
401944
401945
402008
402027
402096
402154
402294
402409
402464
402570
402585
402660
403192
403248
403342
403352
403617
403683
403780
403869
404177
404240
404241
404262
404293
404344
404367
404379
404390
404549
404568
404596
404651
404714
404856
405044
405046
405347
405349
405555
405626
405817
405821
406007
406130
406601
406634
406768
406781
406915
407017
407128
407233
407410
407454
407562
407612
407654
407851
407856
407998
408151
408487
408648
408730
408903
409075
409099
409114
409189
409277
409294
409329
409346
409380
409464
409598
409683
409996
410036
410056
410104
410169
410185
410279
410311
410390
410406
410687
410698
410786
410928
411144
411283
411566
411581
411733
411850
411938
412256
412357
412412
412488
412537
412733
412931
412943
412998
413021
413034
413125
413708
413734
413769
413937
413944
414005
414104
414176
414330
414382
414463
414566
414567
414602
414681
414788
414831
414855
414931
414981
414987
415036
415049
415132
415201
415308
415532
415661
415754
415833
416071
416117
416332
416459
416560
416598
416784
416824
416863
417015
417064
417152
417160
417289
417321
417482
417612
417665
417736
417794
417799
418340
418494
418520
418715
418913
419156
419184
419231
419243
419343
419569
419765
419972
419998
420130
420221
420354
420634
420686
420781
420926
421067
421105
421164
421166
421182
421199
421270
421280
421557
421654
421690
421696
421701
421903
422211
422452
422530
422589
422763
422802
422843
422864
422881
422884
423049
423061
423279
423318
423576
423831
423887
424058
424181
424766
424775
425057
425067
425133
425227
425290
425528
425541
425569
425574
425685
426134
426153
426158
426258
426323
426339
426366
426709
426735
426750
427174
427435
427458
427483
427483
427500
427595
427629
427759
427812
427928
428087
428255
428478
428579
428585
428834
429002
429517
429756
430046
430174
430299
430367
430677
430701
430748
430794
430836
430923
431138
431209
431223
431457
431642
431766
431776
431905
432155
432169
432191
432289
432433
432461
432492
432576
432985
433003
433094
433228
433507
433751
433779
433898
433903
433908
434039
434073
434153
434220
434536
434577
434579
434579
434631
434720
434785
434835
434899
435048
435068
435130
435218
435391
435505
435538
435756
435868
435916
436222
436253
436481
436482
436609
436775
436805
437065
437260
437291
437513
437696
437869
438002
438005
438067
438085
438223
438240
438525
438668
438795
438823
438919
438993
439126
439177
439270
439360
439384
439395
439436
439577
439643
439873
439891
439976
440092
440139
440270
440272
440422
440433
440449
440508
440594
440699
440708
440910
441204
441267
441283
441285
441324
441335
441356
441517
441538
441634
441639
441811
441990
442189
442336
442570
442700
442758
443066
443259
443283
443332
443464
443490
443539
443550
443657
443711
443870
443940
443961
443994
443995
444009
444052
444120
444289
444530
444732
444889
444950
445192
445202
445220
445379
445460
445636
445675
445797
445843
445851
445910
445913
446084
446101
446128
446203
446212
446300
446314
446378
446401
447030
447193
447324
447356
447464
447484
447573
447808
447943
448073
448157
448219
448333
448472
448545
448713
448733
448783
448954
449156
449330
449342
449373
449398
449458
449463
449791
449887
449957
449999
450019
450131
450166
450264
450317
450426
450469
450536
450606
451145
451514
451779
451812
451844
451892
451989
452056
452356
452437
453098
453107
453122
453209
453306
453430
453570
453717
453836
453980
454374
454452
454463
454531
454560
454617
454788
455355
455549
455602
455881
456007
456122
456480
456875
456966
457016
457093
457158
457198
457406
457733
457806
457928
457939
458006
458225
458514
458829
459113
459330
459347
459578
459864
459883
459943
460045
460104
460159
460284
460310
460636
460702
460844
460845
460867
460955
460971
461007
461083
461131
461189
461190
461197
461254
461346
461363
461432
461444
461468
461653
461662
461680
461717
461769
461836
461842
461871
461939
461988
462009
462025
462187
462194
462230
462321
462421
462654
462824
462881
462973
463106
463204
463427
463523
463579
463613
463623
463727
463896
463987
464064
464123
464219
464234
464295
464548
464583
464812
464946
465096
465122
465144
465275
465373
465481
465573
465673
465803
465827
466058
466217
466236
466250
466305
466386
466592
466667
466688
466690
466695
466727
466753
466856
466883
466928
467154
467332
467350
467421
467704
467715
467752
467765
467771
467836
467942
468361
468537
468561
468665
468709
468938
468988
469321
469378
469416
469638
469868
469913
469922
469952
470030
470108
470112
470187
470583
470613
470926
471019
471138
471445
471468
471490
471567
471646
471702
471835
471878
471885
471924
471969
471990
472084
472090
472285
472288
472317
472429
472520
472564
472751
472836
473014
473023
473088
473300
473424
473626
473843
474013
474026
474116
474134
474356
474427
474618
474719
474756
474819
475123
475261
475294
475454
475705
475824
475870
476004
476127
476254
476335
476347
476355
476384
476413
476429
476442
476872
476909
476926
476982
477024
477118
477139
477254
477256
477342
477404
477579
477611
477631
477828
477875
477935
477976
477994
478047
478223
478227
478337
478446
478574
478800
478823
478832
479097
479130
479404
479438
479493
479586
479823
479926
480073
480140
480259
480353
480400
480524
481082
481087
481217
481288
481341
481457
481770
481879
481889
481917
481961
482494
482548
482646
482757
482857
482946
483149
483240
483350
483402
483444
483541
483676
483742
483963
484240
484264
484474
484494
484652
484692
484949
484988
485056
485245
485349
485356
485518
485553
485574
486009
486129
486237
486426
486585
486689
486764
486807
486865
487162
487275
487572
487640
487726
487859
488103
488235
488312
488317
488415
488496
488542
488702
488751
488829
488834
488983
489049
489134
489156
489208
489276
489277
489446
489475
489589
489967
490046
490115
490138
490332
490334
490516
490595
490687
490713
491187
491311
491319
491459
491625
492208
492340
492344
492376
492538
492595
492628
492654
492674
492930
492967
493088
493089
493109
493122
493223
493603
493639
493678
493720
493763
493879
493897
494162
494309
494350
494401
494534
494606
494640
494799
494889
495189
495493
495564
495907
496092
496195
496214
496343
496619
496814
496876
497165
497863
497876
497994
498018
498047
498171
498193
498264
498340
498454
498628
498746
498835
498924
498999
499138
499214
499239
499263
499279
499328
499434
499491
499572
499629
499676
499693
500007
500147
500494
500540
500584
500589
500601
500660
500661
500811
500962
501073
501213
501250
501250
501421
501560
501582
501632
501732
501754
501839
501887
501951
501986
502034
502303
502380
502495
502710
502906
503036
503162
503170
503200
503213
503245
503251
503511
503538
503620
503737
503978
504044
504054
504267
504285
504397
504553
504556
504642
504731
504740
504929
505144
505185
505199
505369
505646
505727
505858
505870
506027
506115
506190
506291
506307
506319
506402
506434
506519
506526
506582
506602
506649
506672
506794
506834
506868
507174
507379
507460
507608
507667
507707
507769
507837
508102
508424
508607
508625
508680
508790
508889
508909
508925
508983
508991
509020
509159
509171
509231
509243
509285
509379
509482
509482
509581
509644
509651
509771
509811
509859
509961
510205
510219
510479
510544
510804
511055
511300
511438
511462
511675
511676
511823
512028
512034
512314
512322
512503
512515
512575
512597
512795
512843
513329
513331
513394
513516
513616
513658
513673
513742
513762
513855
513865
513876
513888
513906
514108
514321
514447
514461
514497
514522
514532
514580
514732
514744
514845
514850
515016
515230
515435
515445
515539
515601
515630
515709
515790
515856
515863
516112
516161
516269
516502
516576
516722
516977
517144
517241
517823
517907
518034
518212
518337
518489
518601
518827
518832
519376
519469
519575
519612
519761
519838
519948
520080
520312
520396
520416
520422
520586
520695
520811
520864
521032
521375
521490
521521
521767
521800
522070
522178
522183
522232
522298
522415
522652
522667
522710
522742
522836
522959
523038
523107
523234
523328
523669
523698
523699
523800
523899
524076
524109
524198
524233
524309
524416
524428
524600
524669
524678
524736
524788
524965
524998
525032
525191
525368
525386
525485
525489
525529
525595
525678
525697
525733
525763
525764
525768
525800
525866
525882
525963
526061
526128
526171
526469
526648
526968
527222
527258
527341
527431
527432
527475
527703
527808
527838
527920
528060
528085
528171
528340
528407
528615
528654
528830
528862
528945
529009
529060
529150
529263
529348
529523
529557
529577
529597
529700
529744
529748
529781
529793
529833
529854
529924
529931
530167
530174
530229
530434
530612
530671
530756
530821
531142
531147
531234
531276
531481
531486
531523
531684
531782
531860
531912
531976
531988
532037
532046
532112
532127
532617
532679
532813
532896
532903
533167
533236
533323
533513
533551
533712
533762
533797
533856
534177
534215
534318
534338
534340
534342
534349
534503
534594
534968
534972
535363
535470
535506
535821
535990
536104
536111
536231
536356
536359
536385
536430
536480
536697
536758
536933
537025
537137
537149
537420
537481
537528
537572
537764
537824
537861
537869
537889
537948
537977
538034
538079
538178
538191
538363
538430
538495
538528
538644
538777
538784
538812
539063
539564
539903
540041
540251
540418
540428
540430
540434
540756
541037
541226
541304
541340
541645
541813
541856
541938
542076
542173
542245
542303
542525
542640
542724
542766
542807
542820
542956
543205
543244
543441
543553
543555
543608
543665
543669
543778
543853
543855
543865
544261
544282
544356
544521
544690
544696
544779
545185
545224
545235
545316
545411
545597
545752
545875
546152
546167
546186
546383
546470
546597
546752
546778
546920
547026
547137
547328
547341
547429
547469
547477
547559
547566
547575
547705
547843
547862
547968
548082
548091
548415
548652
548680
548691
548708
548837
549038
549227
549276
549336
549438
549594
549603
549615
549751
549954
550076
550266
550375
550443
550597
550684
550731
550743
550833
550900
550939
551042
551132
551274
551281
551324
551355
551398
551404
551431
551442
551480
551570
551790
551824
552063
552807
552856
552944
552993
553069
553244
553370
553404
553579
553590
554015
554082
554121
554280
554282
554319
554474
554477
554502
554506
554702
554748
554862
554899
554916
554988
555071
555263
555280
555287
555504
555566
555611
555968
555991
556031
556068
556071
556253
556318
556329
556405
556437
556535
556570
556603
556673
556680
556713
556973
557017
557256
557344
557506
557566
557604
557643
557743
557749
558068
558434
558677
558732
558760
558927
558968
559100
559282
559338
559393
559442
559657
559681
559750
559876
559890
560075
560354
560365
560373
560602
560628
560639
560646
560717
560750
561115
561246
561312
561315
561390
561463
561472
561502
561688
561768
561827
561897
561980
562134
562331
562358
562459
562947
563004
563040
563149
563217
563235
563284
563377
563458
563595
563608
563631
563770
563824
564005
564115
564128
564137
564169
564189
564204
564293
564531
564736
564767
564778
564909
564984
565003
565177
565197
565213
565252
565461
565468
565795
565887
565887
566115
566398
566483
566492
566509
566586
566635
566771
566857
566900
566930
566932
566967
566975
567050
567057
567163
567196
567269
567477
567507
567587
567664
567684
567689
567713
567732
567775
567829
567864
568014
568020
568304
568320
568410
568445
568475
568500
568555
568583
568596
568605
568693
568711
568740
568989
569183
569234
569235
569239
569261
569386
569483
569499
569990
570029
570289
570301
570711
570718
570847
570910
571059
571103
571155
571370
571414
571635
571654
571696
571758
571850
571912
572119
572120
572127
572147
572428
572506
572646
572727
572730
572766
572890
572901
572904
573293
573430
573445
573705
573758
573813
573818
573841
573961
573972
574185
574247
574259
574278
574434
574451
574484
574578
574736
574777
574783
575107
575427
575480
575664
575721
575730
575760
575779
575913
576034
576036
576109
576110
576285
576338
576577
576692
576786
576836
576911
576959
577118
577181
577197
577472
577529
577555
577631
577775
577904
577904
577947
578076
578102
578105
578290
578539
578586
578649
579072
579145
579235
579265
579276
579601
579674
579780
579838
579941
579979
580098
580148
580262
580333
580620
580780
580838
580939
580952
581037
581244
581248
581262
581280
581313
581317
581423
581510
581518
581644
581647
581674
581735
581800
581881
581902
581928
582024
582152
582237
582770
582932
583162
583272
583390
583624
583886
583956
584014
584043
584163
584170
584303
584513
584594
584619
584785
584890
584911
585134
585297
585373
585433
585447
585502
585683
585880
585926
585971
586132
586183
586329
586480
586529
586635
586657
586712
586734
586802
586898
586924
586936
587045
587175
587372
587389
587648
587652
587661
588023
588059
588420
588436
588464
588542
588585
588774
589290
589407
589417
589628
589649
589790
589904
590086
590283
590294
590314
590322
590327
590487
590578
590741
590967
590996
591351
591421
591465
591582
591705
591783
591850
591967
591968
592012
592170
592698
592833
592930
592973
593130
593264
593360
593452
593648
593746
593747
593795
593844
593926
594157
594363
594395
594735
595025
595213
595235
595486
595502
595556
595706
595708
595805
595855
595857
596187
596291
596385
596532
596558
596678
596695
596710
597023
597051
597180
597339
597397
597668
597689
597981
598074
598159
598165
598215
598249
598269
598290
598299
598364
598411
598474
598495
598541
598545
598549
598656
598766
598851
599067
599273
599369
599522
599620
599648
599650
599839
600104
600218
600426
600601
600840
600941
600983
601152
601154
601161
601271
601506
601606
601729
601827
601870
601976
602002
602052
602145
602228
602419
602495
602537
602549
602721
602754
603048
603185
603720
603791
603970
603982
604007
604178
604179
604386
604465
604545
604652
604695
604710
604775
604840
605010
605036
605037
605056
605188
605299
605542
605669
605792
605886
606039
606060
606469
606597
606613
606633
606651
606656
606680
606708
606766
606860
606910
607059
607213
607215
607277
607326
607407
607612
607640
607702
608087
608145
608221
608347
608474
608633
608863
609014
609034
609126
609193
609281
609373
609502
609527
609584
609622
609705
609722
609821
609826
610013
610191
610381
610418
610483
610565
610736
610793
610821
610828
610836
610859
610893
610918
610933
610992
611040
611112
611166
611258
611515
611546
611548
611800
611883
611994
612102
612213
612216
612288
612423
612582
612854
612938
613013
613040
613123
613285
613462
613611
613697
613771
613818
613869
613904
613924
613943
614129
614168
614197
614270
614278
614443
614477
614677
614730
614884
614961
614962
614966
614967
615016
615112
615277
615394
615478
615508
615686
615815
616015
616047
616052
616259
616294
616383
616460
616562
616685
616810
616884
616920
617136
617153
617231
617270
617328
617537
617604
617747
617776
617802
617932
618036
618196
618222
618447
618463
618502
618559
618610
618654
619031
619148
619216
619347
619395
619442
619590
619603
619635
619767
619808
620066
620249
620265
620447
620695
620773
620785
620815
620918
620936
620992
621036
621106
621216
621471
621472
621812
622015
622275
622349
622349
622382
622521
622521
622621
622660
622665
622708
622872
622888
623064
623084
623171
623220
623481
623519
623542
623689
623733
623794
623825
624170
624341
624357
624362
624416
624470
624574
624669
624769
624968
625118
625192
625295
625297
625363
625383
625388
625617
625658
625872
625928
626370
626426
626434
626450
626563
626627
626654
626743
626860
626908
626992
627272
627299
627315
627409
627480
627487
627493
627653
627667
627925
627982
627983
628184
628273
628318
628536
628638
628861
628869
628945
629004
629029
629207
629472
629564
629646
629707
629827
629840
629935
630094
630108
630136
630178
630181
630218
630229
630282
630312
630599
630709
630747
630836
631076
631194
631238
631283
631319
631422
631486
632156
632240
632299
632347
632494
632600
632692
633179
633319
633419
633500
633526
633626
633735
633740
633952
634090
634326
634347
634386
634561
634633
634665
635016
635063
635103
635150
635334
635488
635506
635526
635579
635582
635646
635722
635771
636165
636213
636256
636316
636349
636513
636736
636893
637035
637152
637527
637549
637550
637612
637694
637733
637742
637868
637873
638017
638175
638200
638248
638536
638637
638674
638674
638733
638752
638900
638973
639279
639349
639367
639429
639532
639604
639691
639729
639780
639825
639911
640066
640091
640102
640141
640191
640265
640431
640516
640530
640568
640592
640685
640803
641082
641144
641155
641323
641342
641590
641694
641827
641881
641887
641924
641947
641974
641988
642007
642107
642199
642254
642343
642445
642463
642741
642745
642760
642835
643103
643139
643423
643442
643710
643710
643823
643992
644028
644220
644247
644298
644475
644541
644748
644978
645025
645043
645120
645130
645232
645234
645268
645348
645397
645508
645598
645772
645870
645920
646078
646461
646466
646492
646495
646530
646567
646673
646747
646788
647043
647199
647250
647306
647459
647591
647670
647915
647949
647961
647966
648001
648017
648036
648115
648188
648206
648325
648350
648511
648569
648815
649015
649096
649167
649208
649332
649362
649375
649414
649683
649804
649842
649951
649986
650121
650245
650409
650581
650591
650603
650612
650667
650881
650918
650930
650939
651073
651110
651186
651313
651405
651647
651674
651871
652069
652245
652253
652344
652574
652585
652832
652961
653189
653195
653248
653274
653340
653548
653590
653610
653677
653685
653692
653861
654053
654169
654172
654176
654220
654307
654313
654375
654401
654489
654520
654575
654578
654711
654763
654866
654887
654931
654943
655004
655028
655040
655055
655064
655197
655223
655280
655288
655428
655538
655649
655703
655886
656077
656112
656126
656302
656308
656318
656331
656368
656370
656764
656949
656959
656962
656975
656982
657026
657269
657303
657374
657484
657517
657772
657801
657803
658050
658072
658115
658150
658429
658430
658447
658532
658563
658600
658685
658769
658788
659008
659126
659161
659166
659182
659398
659437
659453
659497
659724
659844
660007
660126
660271
660317
660322
660331
660396
660399
660456
660621
660677
660826
660840
660959
661232
661250
661258
661289
661442
661770
662056
662082
662288
662336
662345
662452
662734
662780
662990
662998
663021
663221
663369
663396
663397
663490
663530
663817
663821
663847
663984
664067
664259
664460
664628
664638
664660
664730
664735
664820
664843
665044
665047
665308
665311
665351
665531
665663
665689
665850
665947
666057
666102
666130
666161
666206
666318
666464
666492
666583
666840
666997
667202
667266
667300
667321
667373
667442
667673
667734
667817
668707
668786
668819
669025
669038
669121
669231
669291
669716
669766
669826
670101
670224
670256
670336
670409
670509
670717
670875
671051
671105
671109
671206
671620
671862
672091
672100
672115
672282
672421
672470
672623
672682
672719
672771
672871
672953
673193
673220
673265
673325
673492
673505
673542
673824
673888
673973
674033
674058
674088
674147
674438
674492
674530
674592
674646
674672
674713
675069
675087
675164
675280
675375
675470
675544
675610
675649
675658
675741
675745
675940
676009
676018
676142
676215
676322
676413
676652
676712
676714
676758
676920
676963
677006
677030
677034
677079
677210
677324
677492
677571
677708
678158
678215
678363
678488
678519
678722
678731
678808
678819
679137
679210
679230
679425
679488
679740
679898
679932
680016
680145
680169
680360
680363
680411
680474
680478
680612
680643
680671
680849
680975
680984
681068
681139
681142
681163
681218
681228
681240
681303
681381
681464
681781
681820
681937
681941
681993
682039
682109
682251
682269
682278
682469
682610
682686
682702
682755
682857
682917
683083
683095
683207
683210
683264
683300
683379
683451
683511
683579
683647
683663
683705
683879
684256
684275
684510
684527
684563
684566
684617
684681
684686
684747
684755
684933
685165
685279
685430
685494
685721
685781
685992
686022
686061
686068
686068
686127
686150
686239
686515
686534
686558
686766
686876
687160
687185
687210
687266
687309
687315
687346
687350
687460
687509
687584
687845
687858
687878
687934
688429
688476
688725
688777
688856
688958
689029
689035
689125
689323
689426
689476
689496
689594
689650
689823
689881
689893
690032
690499
690508
690508
690777
690779
690795
690898
690929
691009
691377
691411
691551
691641
691659
691724
691783
691790
691814
691896
691903
691999
692055
692084
692205
692344
692410
692585
692647
693077
693285
693288
693346
693380
693436
693685
693772
693806
693843
693960
694052
694055
694369
694400
694490
694618
694835
694906
694918
695105
695175
695235
695270
695348
695399
695518
695586
695644
695665
695766
695924
696484
696537
696677
696713
696793
696850
696994
697085
697279
697404
697412
697435
697565
697582
697870
697900
697998
698071
698204
698222
698471
698825
698926
699227
699553
699613
699613
699626
699750
699906
700160
700313
700361
700374
700391
700418
700505
700563
700665
700779
700795
700922
700943
701494
701617
701762
701775
701831
701842
702226
702523
702576
702869
703048
703121
703123
703230
703296
703372
703378
703502
703552
703575
703587
703601
703629
703657
703726
703844
703850
703879
703973
704064
704143
704239
704283
704378
704455
704461
704489
704533
704611
704612
704676
704744
704935
705113
705173
705186
705220
705234
705465
705482
705497
705989
706183
706418
706547
706613
706746
706751
706761
706770
707098
707110
707227
707735
707879
707955
708004
708008
708032
708110
708251
708568
708574
708688
708756
708837
709039
709157
709185
709259
709610
709830
709891
709996
710011
710204
710237
710388
710471
710619
710644
710654
710746
711090
711150
711192
711283
711287
711307
711353
711407
711441
711451
711497
711550
711663
711710
711834
711840
712049
712173
712314
712501
712778
712904
713153
713214
713592
713598
713787
713893
713927
713950
714400
714440
714468
714591
714597
714614
714891
714932
715076
715371
715385
715901
716027
716039
716252
716259
716262
716275
716893
717234
717289
717549
717553
717648
717674
717821
717843
717922
717936
718095
718382
718405
718419
718784
718804
718861
718888
718911
718956
719017
719067
719152
719241
719443
719483
719535
719685
720006
720016
720224
720236
720500
720628
720756
720804
720850
721073
721106
721192
721214
721473
721547
721587
721775
721857
721964
721979
721999
722024
722179
722216
722305
722334
722455
722489
722856
723095
723270
723461
723544
723545
723990
724050
724078
724307
724512
724532
724609
724662
724914
725076
725159
725174
725206
725282
725346
725507
725662
725676
726110
726172
726295
726592
726776
726837
726974
727020
727096
727211
727334
727516
727689
727807
728219
728383
728400
728492
728555
728648
728738
728812
728826
728871
728875
728930
729139
729393
729403
729636
729676
729817
729864
729914
730322
730428
730461
730511
730534
730538
730643
730754
730850
730853
731010
731117
731219
731264
731306
731380
731498
731520
731619
731797
731906
731908
731917
731961
732019
732057
732161
732169
732223
732249
732340
732470
732872
732973
733050
733159
733172
733274
733452
733658
733782
733837
733895
734240
734244
734322
734360
734406
734492
734627
734665
734678
734735
734799
734835
735108
735169
735218
735511
735759
735782
735797
735927
735938
735994
736143
736163
736395
736514
736526
736554
736586
736666
736775
736897
737043
737063
737148
737251
737332
737365
737365
737470
737514
737516
737683
737724
737785
738013
738406
738424
738533
738564
738581
738709
738713
738754
738810
738976
739015
739064
739071
739099
739222
739610
739678
739735
739760
739876
740053
740078
740261
740295
740367
740384
740505
740777
740808
740854
740939
741171
741205
741221
741354
741436
741565
741650
741812
741947
741976
741982
742126
742243
742310
742328
742361
742423
742571
742607
742688
742722
742737
742825
743027
743061
743079
743168
743357
743410
743684
743807
743830
743861
743923
743974
744265
744410
744649
744724
744780
744932
745012
745165
745416
745567
745610
745760
745773
745834
745938
745948
746057
746167
746222
746367
746433
746479
746539
746644
746745
746782
746832
746877
746907
746930
746961
747280
747348
747359
747369
747920
747924
747954
748318
748636
748709
748713
748833
748869
749046
749184
749298
749343
749400
749475
749616
749721
749992
749994
749996
750126
750136
750138
750233
750252
750285
750397
750515
750565
750643
750706
750933
750980
751050
751315
751373
751408
751418
751522
751524
751850
751952
751963
751963
751966
752340
752440
752456
752464
752506
752664
753088
753132
753191
753204
753301
753533
753915
753932
753960
753998
754005
754183
754392
754433
754614
754755
754890
754952
754971
755188
755211
755290
755312
755389
755474
755504
755512
755584
755818
755846
755871
755871
755954
755965
755973
756053
756148
756213
756324
756355
756396
756426
756644
756651
756671
756708
756725
756809
756886
756999
757151
757293
757310
757450
757872
757950
758043
758191
758280
758499
758667
758754
758932
758939
758990
759008
759094
759180
759211
759362
759551
759560
759804
759811
759914
759927
760098
760226
760386
760424
760458
760555
760610
760658
760782
760854
760967
761038
761118
761226
761403
761467
761583
761643
761809
761952
762014
762070
762227
762237
762494
762810
763040
763067
763079
763081
763240
763848
764068
764087
764166
764170
764248
764282
764452
764528
764651
765091
765114
765117
765149
765510
765537
765579
765651
765859
766000
766015
766071
766077
766311
766375
766393
766507
766591
766701
766761
766904
767044
767080
767115
767232
767387
767580
767597
767624
767789
767825
767967
768034
768104
768170
768200
768250
768307
768404
768476
768603
768665
768849
768932
768964
769043
769229
769481
769548
769573
769579
770224
770305
770462
770475
770485
770539
770579
770678
770925
770937
771025
771041
771145
771353
771451
771553
771726
771794
771881
771955
772048
772068
772328
772478
772770
772995
773056
773060
773083
773244
773453
773758
773782
774047
774276
774442
774489
774623
774759
774855
774919
774947
775133
775575
775585
775891
775950
775968
776128
776146
776213
776222
776231
776257
776274
776407
776442
776461
776527
776621
776814
776840
776853
776986
777067
777229
777251
777471
777611
777676
777824
777837
777951
778045
778202
778228
778262
778274
778311
778330
778450
778575
778611
778622
778635
778642
778696
778946
778949
778959
779093
779097
779200
779229
779324
779415
779444
779588
779635
779714
779850
780360
780563
780804
780918
781026
781210
781269
781472
781841
781868
781888
782025
782034
782048
782191
782404
782471
782856
782969
783147
783203
783205
783501
783513
783714
783849
783850
783870
784149
784212
784307
784323
784437
784448
784524
784752
784809
784844
784849
784948
785059
785103
785195
785426
785563
785662
785718
785886
786310
786400
786436
786659
786676
786700
786725
786815
786891
786904
787071
787160
787291
787824
787845
788023
788039
788062
788240
788241
788406
788709
788774
788795
788901
789249
789424
789611
789706
789809
789873
789945
789981
789988
789997
790094
790319
790631
790728
790797
790967
791044
791277
791331
791348
791375
791833
791862
791874
792060
792062
792111
792126
792192
792239
792254
792293
792318
792439
792485
792688
792740
792780
793109
793306
793459
793581
793587
793970
794048
794068
794149
794456
794494
794544
794550
794571
794615
794632
794651
794915
794943
795002
795267
795462
795497
795549
795792
796103
796167
796180
796205
796233
796414
796530
796766
796818
796937
796976
797049
797159
797190
797210
797288
797311
797445
797542
797576
797637
797653
797850
798093
798212
798358
798573
798620
798648
798664
798706
798808
799081
799191
799567
799851
799932
799986
800068
800307
800402
800461
800536
800540
800840
800841
800903
801032
801053
801184
801276
801296
801322
801450
801503
801569
801613
801674
801693
801818
801863
802304
802351
802451
802514
802601
802656
802763
802848
802914
802986
803047
803202
803267
803370
803376
803383
803413
803451
803594
803597
803606
803740
803929
804129
804249
804342
804356
804367
804580
804775
804967
804970
804997
805066
805138
805231
805324
805378
805407
805426
805508
805529
805574
805581
805585
805698
805792
805965
805976
805981
806128
806277
806353
806472
806600
806751
806789
806805
806862
806998
807103
807141
807360
807389
807422
807476
807487
807520
807537
807551
807557
807566
807936
807948
807950
807980
808273
808335
808363
808424
808466
808485
808618
808742
808747
808906
808918
809068
809214
809410
809445
809807
809899
809983
810028
810243
810314
810351
810372
810516
810579
810667
810769
810792
810801
810967
810982
811052
811159
811161
811249
811358
811470
811552
811613
811742
812075
812133
812142
812246
812403
812616
812726
812833
812849
812881
812905
812930
813010
813236
813325
813364
813408
813565
813567
813603
813618
813650
813665
813718
813789
814008
814008
814051
814135
814233
814348
814594
814735
814751
814790
814908
814947
814987
815086
815107
815314
815410
815468
815503
816034
816055
816142
816226
816271
816627
816754
816758
816879
816899
817614
817645
817713
817736
817771
817902
817912
817952
817967
817975
818253
818395
818397
818406
818625
818774
818791
818877
819041
819270
819276
819280
819363
819364
819609
819849
819925
820041
820098
820191
820223
820272
820313
820349
820430
820650
820658
820872
821041
821087
821136
821153
821367
821513
821752
821824
821884
822027
822042
822070
822224
822299
822338
822399
822788
822844
822964
823003
823009
823117
823151
823326
823345
823481
823509
823587
823599
823620
823836
824055
824124
824155
824186
824330
824434
824712
824719
824778
824884
824885
824975
825469
825522
825541
825664
825714
825840
825930
825984
826110
826153
826326
826637
826792
826898
827080
827185
827248
827300
827418
827420
827541
827549
827777
827779
827976
827987
828135
828138
828165
828174
828245
828336
828472
828590
828813
828895
828954
829237
829268
829412
829431
829541
829568
829612
829866
829971
830021
830217
830425
830431
830559
830721
830817
830915
831362
831461
831491
831582
832240
832295
832977
833091
833146
833170
833395
833569
833694
833735
833852
833866
834048
834179
834582
834648
834679
834790
835033
835041
835222
835276
835388
835395
835498
835608
835720
835740
835834
835859
835883
836100
836128
836259
836412
836444
836478
836518
836595
836823
837041
837045
837070
837168
837181
837451
838294
838418
838461
838628
838680
838745
838901
838943
839004
839028
839177
839190
839432
839498
839599
839619
839712
839852
839855
839876
839891
839901
839933
839945
840052
840251
840354
840493
840509
840604
840758
840818
840953
841034
841112
841193
841764
841843
841895
841908
842084
842089
842107
842147
842327
842569
842648
842680
842745
842836
843005
843167
843194
843237
843291
843352
843387
843412
843471
843538
843783
843789
843821
843833
843897
843984
844044
844158
844216
844350
844392
844587
844687
844806
844912
844949
845112
845223
845590
845616
845626
845794
845831
845865
845931
846012
846270
846274
846285
846317
846362
846486
846518
846532
846633
846811
846941
846958
846966
847376
847505
847679
847734
847782
847808
848118
848192
848641
848659
848667
848962
848979
849042
849077
849122
849335
849335
849349
849722
849790
849825
849941
849958
850064
850079
850095
850152
850167
850167
850185
850341
850388
850429
850526
850784
850816
850849
850858
850940
851028
851034
851115
851308
851364
851399
851409
851475
851541
851549
851653
851705
851759
851848
851933
851961
851969
852042
852156
852171
852177
852310
852406
852565
852701
852912
853037
853049
853076
853093
853215
853365
853449
853456
853489
853511
853622
853647
853743
853768
853972
854044
854106
854441
854589
854590
854680
854741
854796
854805
854963
854998
855061
855099
855148
855250
855522
855577
855589
855693
855792
855955
856071
856103
856149
856436
856773
856821
856888
857077
857228
857446
857450
857506
857586
857689
857792
857841
857965
858272
858767
858779
858864
858979
859184
859190
859210
859213
859364
859388
859558
859562
859645
859679
859801
859962
860186
860344
860467
860537
860577
860648
860656
860719
860826
860871
861062
861258
861410
861449
861474
861517
861548
861571
861586
861679
861760
861929
861948
862042
862547
862591
862623
862658
862679
862679
862721
863071
863196
863358
863380
863662
863774
864372
864406
864554
864729
864736
864796
864804
864911
864911
864914
865039
865045
865209
865552
865626
865734
866073
866210
866560
866580
866759
866940
866965
867028
867081
867108
867117
867167
867185
867319
867429
867583
867597
867647
867647
867755
867870
867897
868421
868501
868585
868612
868799
868800
868921
869022
869054
869122
869388
869411
869511
869586
869672
869682
869696
869713
869970
870013
870233
870240
870276
870368
870445
870513
870679
870709
870775
870946
871235
871260
871342
871397
871559
871605
871687
871709
871737
871747
871781
871812
872007
872045
872069
872188
872357
872390
872742
872789
872838
872843
872896
872921
872925
873005
873036
873050
873232
873266
873385
873460
873522
873624
873670
873802
873879
873898
873946
874001
874114
874199
874491
874600
874605
874946
874983
875108
875459
875502
875514
875725
875826
875837
875916
876082
876197
876307
876322
876359
876469
876471
876545
876593
876615
876910
877101
877198
877482
877554
877573
877657
877703
877821
878079
878164
878171
878252
878438
878559
878708
878803
878834
878911
879065
879096
879325
879340
879373
879577
879599
879743
879749
879976
880420
880554
880599
880625
880742
880744
880917
880987
881290
881329
881353
881423
881440
881450
881471
881545
881831
881873
881900
882381
882471
882473
882568
882574
882585
882825
882842
882943
882968
882974
883075
883113
883516
883769
884029
884058
884078
884183
884345
884642
884708
884751
884849
885035
885139
885203
885275
885325
885371
885415
885482
885498
885845
885955
885992
885996
886144
886191
886733
886771
886778
886836
886901
886948
887003
887031
887095
887109
887263
887496
887707
887787
887819
887936
887962
888055
888108
888136
888251
888354
888556
888669
888682
888804
889150
889183
889246
889309
889375
889389
889433
889567
889622
889638
889676
889776
889802
890042
890093
890123
890168
890193
890306
890491
890648
890712
890747
890913
890986
891186
891266
891267
891278
891448
891631
892185
892194
892245
892463
892526
892583
892826
892909
892909
892911
892965
893049
893084
893102
893169
893227
893342
893468
893512
893517
893576
893683
894013
894014
894172
894236
894238
894239
894269
894310
894310
894380
894412
894444
894468
894506
894961
894999
895084
895157
895425
895439
895560
895636
895785
895828
895919
895957
896078
896288
896411
896619
896630
896632
896818
896924
897126
897226
897387
897837
897880
898034
898209
898356
898375
898460
898528
898699
898795
898918
899040
899158
899220
899727
899820
899928
900130
900164
900312
900339
900401
900471
900802
900924
901201
901354
901842
901862
901892
902235
902249
902349
902521
902773
902785
902931
903024
903186
903205
903221
903282
903423
903503
903542
903585
903831
903992
904020
904051
904077
904366
904386
904553
904583
904644
904704
904904
905052
905158
905411
905591
905676
905874
906306
906316
906397
906461
906488
906591
906660
906737
906746
906898
906919
906927
907203
907239
907247
907450
907496
907537
907617
907676
907894
908070
908211
908242
908280
908460
908610
908610
908671
908817
908953
909000
909050
909107
909124
909159
909235
909240
909433
909448
909647
909854
910006
910051
910070
910262
910269
910339
910739
910814
910917
910935
911261
911284
911395
911714
912051
912110
912197
912243
912300
912377
912380
912540
912552
912560
912658
913091
913099
913165
913180
913334
913399
913474
913549
913605
913715
913932
913950
914129
914217
914329
914400
914618
914863
914942
915124
915161
915227
915249
915258
915353
915567
915591
915780
915783
915864
916028
916034
916055
916242
916430
916530
916567
916822
917024
917052
917308
917419
917731
917844
918266
918288
918363
918638
918745
918784
918826
918854
918868
918888
919324
919439
919709
919722
919798
919835
920065
920079
920210
920301
920383
920501
920568
920603
920656
920924
921077
921362
921390
921428
921430
921437
921511
921759
921809
921879
921982
922126
922156
922254
922451
922659
922703
922706
923046
923098
923136
923148
923230
923251
923264
923311
923335
923343
923354
923387
923520
923523
923590
924049
924222
924355
924443
924443
924462
924567
924588
924833
924921
925097
925154
925201
925327
925429
925440
925455
925569
925634
925724
925750
925752
925821
925921
925960
926080
926453
926604
926664
926723
926774
927056
927073
927329
927418
927450
927561
927647
927812
927844
927900
927997
928237
928385
928392
928431
928439
928623
928741
928890
928903
929002
929075
929112
929341
929371
929469
929512
929770
929892
930008
930048
930139
930194
930319
930348
930407
930471
930853
930853
930859
930907
931000
931056
931107
931110
931162
931171
931276
931331
931338
931885
931886
931950
932198
932324
932550
932604
932679
932916
932951
932987
933019
933165
933213
933371
933374
933379
933555
933565
933743
933775
933914
934069
934081
934190
934223
934651
934750
934782
934971
935001
935020
935077
935304
935321
935449
935469
935788
936006
936051
936184
936305
936449
936498
936680
936761
936844
936898
936919
937393
937415
937669
937683
937715
937719
937732
937812
937813
938011
938144
938187
938213
938286
938322
938531
938630
938680
938691
938694
938701
938873
939005
939018
939114
939233
939402
939451
939478
939526
939615
939644
939863
940105
940282
940370
940805
940958
941083
941158
941387
941402
941535
941949
941957
942336
942395
942613
942723
942942
943100
943193
943353
943356
943442
943538
943929
944025
944243
944277
944293
944370
944441
944463
944807
945522
945526
945548
945847
946051
946305
946366
946577
946731
946884
946908
946975
947017
947064
947310
947439
947576
947633
947813
947976
948107
948147
948274
948528
948544
948820
948837
948944
949173
949318
949351
949437
949551
949655
949743
949804
949828
949838
949879
949916
950155
950193
950280
950320
950321
950420
950453
950457
950460
950554
950796
950803
950959
951155
951294
951354
951385
951418
951647
951667
951856
951905
951958
952123
952125
952431
952477
952504
952543
952735
952801
953160
953365
953690
954092
954130
954253
954271
954466
954483
954776
954918
955050
955205
955247
955446
955575
955675
955746
955758
955912
955929
955981
956003
956025
956145
956195
956233
956248
956321
956351
956628
957067
957130
957242
957318
957350
957382
957392
957676
957921
958054
958102
958262
958383
958384
958438
958473
958533
958800
959187
959377
959545
959705
959742
959816
959856
959913
959974
960130
960219
960365
960427
960427
960481
960732
960765
960832
960862
960996
961045
961196
961224
961230
961331
961429
961543
961555
961582
961702
961807
961819
961865
962035
962185
962219
962390
962554
962582
962815
962826
962871
962991
963025
963335
963409
963443
963454
963573
963687
963819
963826
963929
964027
964079
964239
964304
964357
964457
964510
964534
964648
964669
964742
965002
965571
965582
965778
965798
965829
966133
966218
966262
966518
966542
966586
966628
966705
966789
966838
966857
966941
967078
967089
967203
967328
967355
967445
967465
967516
967528
967561
967616
967700
967923
968013
968215
968224
968329
968413
968549
968838
969067
969079
969193
969378
969603
969710
969817
969828
969847
969885
970066
970089
970095
970214
970241
970310
970468
970704
970723
970822
970830
970839
970894
970905
971034
971044
971053
971229
971468
971485
971693
971847
971981
972057
972126
972156
972302
972347
972563
972608
972757
972803
972855
972966
972971
973042
973220
973227
973267
973345
973505
973517
973636
973688
973770
973844
973848
973861
973992
974170
974182
974185
974220
974233
974365
974413
974485
974812
975115
975234
975402
975456
975574
975644
975693
975723
975840
975942
975966
975988
975999
976071
976115
976162
976332
976362
976406
976423
976569
976767
976834
976837
976873
977225
977226
977257
977420
977480
977505
977728
977823
977863
977867
978033
978080
978176
978379
978412
978575
978619
978820
978994
979220
979365
979371
979442
979546
979587
979606
979623
979709
979781
980183
980221
980324
980392
980483
980532
980577
980579
980599
980831
980833
980876
980953
981036
981049
981181
981183
981336
981406
981516
981715
981734
981888
981896
981906
981939
981963
982020
982151
982200
982238
982405
982554
982610
982655
982719
982756
982765
982798
982808
982918
983253
983281
983314
983636
983646
983758
983811
983823
983859
983861
983980
984008
984202
984204
984216
984325
984450
984571
984581
984617
984741
984857
984899
985036
985115
985223
985232
985286
985331
985400
985446
985450
985510
985523
985656
985741
985806
985821
985941
986028
986191
986200
986329
986350
986360
986405
986440
986568
986605
986640
986684
986688
986724
986731
986736
986744
986835
986859
987001
987004
987332
987397
987443
987472
987507
987601
987845
988025
988231
988272
988292
988333
988440
988769
988852
988908
989205
989285
989292
989374
989440
989494
989588
989782
989906
989923
990013
990065
990135
990238
990245
990613
990680
990700
990878
990888
990964
991135
991253
991381
991406
991419
991518
991619
991661
991747
991823
991986
992136
992234
992244
992265
992311
992330
992375
992413
992450
992470
992499
992591
992751
992803
993122
993149
993361
993387
993484
993557
993573
993582
993850
993976
994062
994106
994246
994269
994372
994554
994732
994812
994840
994874
995162
995231
995352
995372
995400
995504
995665
995693
995737
995756
995847
995941
995992
996093
996364
996419
996698
996730
996735
996795
996828
996854
996906
997033
997042
997063
997147
997200
997589
997902
997927
998078
998187
998195
998207
998261
998274
998306
998440
998465
998559
998672
998761
998838
999010
999103
999354
999450
999567
999702
999838
999886
999923
