1188
2395
2686
2716
3458
8887
9623
12386
14132
14337
16614
17791
18374
19209
20527
21985
22070
22355
24352
25404
26078
26410
28975
31457
33525
34489
34606
35469
37033
37385
39762
40216
40382
40697
42726
44396
44589
44888
47114
47752
48064
49289
49678
50613
51572
54578
54975
56662
58011
59231
61625
63653
65942
67205
67507
68411
69871
72848
74243
74495
75212
75219
75360
76649
77194
77782
77953
77992
79438
82844
82952
83994
85664
86054
87073
87201
89697
90425
90953
96844
97346
97815
100012
100290
100597
100698
101374
101936
104075
105622
105749
106701
107074
107272
108174
109561
110466
110648
111012
112302
113362
114123
114374
115103
117790
118018
118337
118453
119375
119676
119780
120412
123173
123391
123795
125541
125682
126659
128819
130497
130885
131753
133285
133307
133412
135353
137612
137790
138349
138509
138929
139213
139677
141148
141662
142219
143172
144206
144927
146378
148782
149263
151470
151810
152950
153673
153688
154587
155816
156588
157945
159090
159373
160502
163290
163308
163408
163505
163523
163781
163926
166257
167790
168260
168710
168869
171191
171431
172163
172896
173546
174861
175821
176058
176251
176278
177254
177531
179021
180682
180916
181321
181464
182463
182917
183766
185799
185868
186922
191733
191872
191931
193202
194316
196652
201166
202518
202928
204506
204588
206162
206404
208215
208397
211138
211192
211572
211587
211818
213528
213962
214831
215581
216228
216387
216595
217016
217199
218677
219018
220586
224030
225003
225080
226831
227101
228407
228541
229319
229635
230007
230031
233205
235157
237138
239466
239913
242723
243573
244205
246704
247998
249004
252045
254038
256327
257779
258561
259198
260016
260196
262980
264359
266536
269385
270295
270767
272065
272702
272944
273049
273926
274281
274546
275593
276067
276438
276447
278107
278285
279048
279520
281128
281774
283954
284576
284890
286434
286834
287179
287396
287520
288238
288974
290104
291569
291780
292466
293639
298868
299457
300014
300928
301623
302304
304054
304815
306657
307895
308389
312813
314605
315163
315760
317074
318708
320819
321728
322418
322816
322976
326603
326668
328977
329924
329924
330488
330647
331301
334209
334511
336843
337393
337525
338198
338323
338341
339802
342184
342347
347338
347895
348332
348509
352572
352876
354139
356601
356767
356776
360678
361164
361804
361944
362549
364743
365592
365897
366704
367406
367824
369885
370335
370719
372657
373606
374059
374506
374863
375238
375776
377204
377417
377455
378489
379870
381952
385365
385388
387008
388279
388806
389331
389804
389860
390836
394337
398678
399483
402554
402846
404619
405166
406626
409818
410048
410896
411008
412008
413571
413702
413781
416110
418158
418826
425544
426091
427489
427601
428263
430385
434430
434535
434806
435033
435362
438932
440557
441105
441412
442096
442852
445041
446874
447567
448674
449150
449190
450475
450998
451704
454061
454722
455814
456509
456625
458501
459479
463032
463237
465639
465962
466510
466761
467408
467419
468669
468670
469442
472828
472900
473008
473684
473824
474475
477415
478299
478862
480766
480838
481147
482169
482579
482664
485786
488256
488779
489120
489257
490943
490971
491987
492404
493581
494092
494170
494255
494488
497052
497883
498097
498827
501897
502226
504204
504446
505316
506253
506581
507082
508009
511682
511958
513940
514295
515937
516279
519894
519984
521210
524229
524375
524714
525241
525986
526192
527209
528091
528258
528892
528939
534444
536096
537037
537640
537897
538222
542499
543831
544900
545760
545786
546383
546481
547388
547416
548819
549355
549462
550580
550856
551223
551325
551400
551788
554690
554870
555434
557398
557494
558118
558758
559881
560176
560325
561517
563501
564821
565021
565555
565932
566828
567428
567431
568142
568301
568780
569047
571436
576083
577309
579156
581939
582752
583310
583850
584097
586245
586648
586819
588114
589654
592164
592429
592538
595433
596571
597550
597572
597614
597885
599419
603164
603277
603642
603731
604065
604105
604532
604968
605262
608410
608582
610201
610358
611744
612029
612145
613277
613841
615169
618319
619223
620010
620024
622145
624802
625154
625773
626199
626576
630351
631196
631401
631996
632008
632166
632620
633682
635714
636236
636940
637602
638466
640306
640520
642068
642942
644028
644725
645208
646524
647134
647207
647400
647653
648275
648714
648746
649524
650659
651786
651969
651973
652499
653510
653753
654500
654827
656609
657024
657500
657707
657924
659030
659440
660616
661178
663214
663443
663690
664873
665036
665202
667160
669696
671182
671793
672749
675697
677778
678001
682428
684384
687128
687166
687675
688267
689353
689984
690196
691211
693267
694379
695170
695965
696626
697517
698278
699179
701647
702679
703254
703428
704385
705243
706078
706160
707218
707918
708657
710126
710224
710943
711341
711566
711846
713196
713573
714742
715171
715438
715439
716052
716930
719058
719312
720745
721617
721650
722459
723655
724343
724539
724906
724939
725141
726187
727091
728000
729564
730283
731404
731881
732227
733479
733745
733882
734280
735492
737516
737573
738369
738554
738878
738893
739254
739277
739344
741196
741547
741591
741623
742511
743610
745715
747496
748947
749114
749488
752492
753923
754235
756263
757473
758123
761266
761972
762252
764615
765033
765204
767778
768828
769857
770769
771553
772414
772546
773734
773952
774037
774240
774521
775254
776384
776627
777409
777440
779833
782265
782583
784852
785044
787226
788816
789626
789846
790616
790767
791050
793383
797567
798169
798526
800404
800766
801361
801888
804108
806851
807004
808085
809597
810347
810803
810893
811190
812525
813164
813224
813776
815133
816427
816674
817232
820115
821535
827045
827670
828545
831005
833374
833894
834079
834383
835048
835756
836573
838662
838831
839475
841023
841028
841260
842022
842585
844546
844738
845059
847417
848119
849259
849302
852044
852101
852728
852877
853036
854633
855711
856012
856992
857027
857418
857509
858436
860188
862710
863977
864732
866366
867805
868227
868995
872128
872658
872717
872890
875307
875351
875681
875735
876662
876667
876771
878263
878645
878968
879716
883972
884598
885432
886827
887013
891165
892025
893722
894040
895245
895709
896321
896608
897591
898614
901350
907369
908834
910382
912231
912841
913476
913691
913752
913863
914167
914342
914760
916286
917188
918574
919067
919282
923047
924142
925636
927356
927489
927760
928816
929320
932379
933257
933862
934087
935909
937141
937291
937561
937851
938283
938670
941052
942945
943351
944791
946029
946713
947166
947570
947943
948561
948738
951991
952491
953046
953109
953995
954773
955437
955826
956171
957668
957671
959304
959558
959619
959817
960955
961500
961707
964960
967871
967873
969323
971689
973237
973347
973956
974362
974506
976119
976540
976956
976995
978088
978807
979750
979959
981536
983118
983847
985118
985175
985255
986517
989440
989978
990383
991464
992735
993607
993702
996021
997245
997618
998882
998928
999368
999922
