19745
20669
21138
27018
44618
62613
63127
72563
80129
85317
116083
137575
176825
182447
183375
187703
195526
196075
214929
243271
252178
261160
289363
290812
316296
321078
343503
344110
363076
365895
376211
376458
379164
385833
402510
408471
437985
443642
448052
459170
479632
483894
490428
494538
496278
507128
534762
558380
565032
575420
576284
581393
591084
595332
596164
597864
600762
610622
615855
627055
628636
629561
630447
633835
648611
660763
668048
680649
689576
700190
721333
731580
731764
748052
752433
764348
768284
769705
772178
779541
791366
811179
819556
823668
839080
847657
848342
869070
879655
880368
899173
923076
935639
939430
948911
950094
967244
985552
993331
999075
